,only_long,long_short
0,1.0262688956491295,1.0262688956491295
1,1.0262688956491295,1.0427445559568067
2,1.0262688956491295,1.0427445559568067
3,0.9880453687632909,1.003907390825278
4,1.0101227560895645,1.026339207225268
5,1.0216556680252136,1.0380572678487663
6,1.0216556680252136,1.0562837362576682
7,1.0216556680252136,1.0358855820600534
8,1.016394491565692,1.0305511264213678
9,1.016394491565692,0.9884976468196296
10,1.028222201492295,1.0000007231612793
11,1.028222201492295,1.0052427302621636
12,1.028222201492295,1.002306549416734
13,1.0509836859854793,1.0244943459347
14,1.0519321665942378,1.0254189207248317
15,1.0519321665942378,1.0254189207248317
16,1.0511417861861256,1.0246484613256552
17,0.9863345723598393,0.9614746699279754
18,1.00877997704685,0.9833543532196304
19,1.015260758727038,0.989671791137198
20,1.015260758727038,0.9915242842275201
21,1.015260758727038,0.9907515405044297
22,1.0603588174560445,1.0347608955153973
23,1.0526050250561858,1.0271942859533933
24,1.0526050250561858,1.0241150959720655
25,1.0488187098166086,1.0204312615777227
26,1.0152147859253882,0.9877368653686048
27,1.0043290543836092,0.9771457682930041
28,0.9770357963172739,0.9505912326992725
29,0.9855550958799161,0.9588799479167819
30,0.9980184487411198,0.9710059662311101
31,0.9980184487411198,0.9623348587167632
32,0.9980184487411198,0.9722354463006653
33,0.9980184487411198,0.9690146140624439
34,0.9991205308915139,0.9700846681390758
35,1.0030565557311988,0.9739063065023531
36,1.0189581297165513,0.9893457581455949
37,1.0189581297165513,0.9825143543642454
38,1.0189581297165513,0.982212858979901
39,1.0189581297165513,1.034584897501064
40,0.9847130027257085,0.9998145863720017
41,0.9703892609217336,0.9852711752995376
42,0.9257717843361758,0.9399694439586569
43,0.9447054313799137,0.9591934578948487
44,0.963639015618403,0.978417408062609
45,0.963639015618403,0.9777491889693134
46,0.963639015618403,0.93420506382201
47,0.9350285305258375,0.9064684740631089
48,0.9350285305258375,0.9259272685244934
49,0.941612105278633,0.9324467609131958
50,0.9592753979417707,0.9499381248607004
51,0.9592753979417707,0.9453490975780183
52,0.9592753979417707,0.9411161839408375
53,0.9592753979417707,0.9470845612113061
54,0.9592753979417707,0.9563415070389569
55,0.9489293300683496,0.9460270820435652
56,0.9620235452411481,0.9590812492813731
57,0.9778660310481817,0.9748752817192419
58,0.9778660310481817,0.9654585078533955
59,0.9778660310481817,0.9758432422586298
60,0.9778660310481817,1.0121903385928699
61,1.0188202976438936,1.054582150616345
62,1.023016427317857,1.0589255696334838
63,1.023016427317857,1.0487733720649373
64,1.023016427317857,1.031179327683519
65,1.023016427317857,1.0346507401720217
66,1.023016427317857,1.0613634734335802
67,1.0157824630683556,1.0538583491584257
68,1.0130907599179781,1.051065749422147
69,1.1611344973639977,1.2046588014983044
70,1.085935076698917,1.1266405838177351
71,1.085935076698917,1.1434694161708312
72,1.0995946898469187,1.1578527344801959
73,1.0975457087944007,1.1556951955829444
74,1.0975457087944007,1.1469521323383212
75,1.0692471227357794,1.1173796750255887
76,1.0692471227357794,1.1300954716923242
77,1.0752455029879207,1.1364352057129212
78,1.0610208343166159,1.1214010444699758
79,1.0610208343166159,1.1422497513387928
80,1.060497153328177,1.141685978734638
81,1.0070794949651247,1.0841788073306038
82,1.0074286378214807,1.0845546796301437
83,1.0189500857124696,1.0969581787537224
84,1.0186009428561136,1.0965823064541824
85,1.0186009428561136,1.0986534008292665
86,1.020000085241757,1.100162502652716
87,1.0336420404121014,1.1148765872478412
88,1.0583025337604726,1.1414751635336111
89,1.0583025337604726,1.163785374983761
90,1.0583025337604726,1.175870927065549
91,1.0705538444220017,1.1894832539435276
92,1.0793820705549675,1.1992922207712158
93,1.0793820705549675,1.2091820763629177
94,1.0793820705549675,1.2186159748826715
95,1.092929298443714,1.2339107150594417
96,1.1198405750455296,1.2642933872068467
97,1.1198405750455296,1.254042913518301
98,1.1198405750455296,1.2469658756794064
99,1.1198405750455296,1.2560796583364877
100,1.1198405750455296,1.255671764715898
101,1.1020220452809022,1.2356919343607755
102,1.0951127968057957,1.2279446278075683
103,1.0947491448482092,1.227536866644506
104,1.1296589698218096,1.2666810828011152
105,1.1447501445842971,1.283602743319514
106,1.1447501445842971,1.3089670448196546
107,1.1447501445842971,1.297409317007698
108,1.148793202195982,1.3019915401586752
109,1.148793202195982,1.3089013925783888
110,1.148793202195982,1.311432278262827
111,1.1545315695844673,1.3179830484131074
112,1.1528655760104798,1.316081193715387
113,1.1528655760104798,1.2948741884037989
114,1.1372026200709504,1.2772818881545476
115,1.1372026200709504,1.3093659422440258
116,1.1650212675329,1.3413961089910014
117,1.1943334949329554,1.3751459716553611
118,1.1943334949329554,1.3877281958107037
119,1.1943334949329554,1.382059503167054
120,1.2059671307130087,1.395521720340415
121,1.2059671307130087,1.400096467371355
122,1.2059671307130087,1.4366518635779812
123,1.205387641018684,1.43596152556787
124,1.174866573176236,1.399602202102463
125,1.2169778770387214,1.4497688124776307
126,1.2245115378206382,1.4587435577474341
127,1.2245115378206382,1.436088742223675
128,1.2245115378206382,1.4392179491869794
129,1.2245115378206382,1.4372048259009123
130,1.2127118608296488,1.4233555870887533
131,1.2218470852612682,1.4340775674321793
132,1.2412596912815643,1.4568620739018678
133,1.2412596912815643,1.4541865865268786
134,1.2412596912815643,1.437466693368775
135,1.2425741814720797,1.4389889661702664
136,1.2425741814720797,1.4309873150963486
137,1.2351045156805576,1.4223850141995007
138,1.2351045156805576,1.4170288422335566
139,1.2501735268495102,1.434317438606779
140,1.2501735268495102,1.41911263391724
141,1.2501735268495102,1.4141156443447762
142,1.2501735268495102,1.4083302755534743
143,1.2501735268495102,1.4095661212149035
144,1.2501735268495102,1.454884943353753
145,1.2945192759888753,1.5064921493447427
146,1.300369242467501,1.5133000267842251
147,1.300369242467501,1.527486678119855
148,1.300369242467501,1.593543803439538
149,1.2989782668144512,1.5918392255702192
150,1.2912285236610335,1.5823422651861494
151,1.2757288857492222,1.5633481586329558
152,1.2814915424847078,1.5704100343158636
153,1.2717547129133582,1.5584779892306317
154,1.2717547129133582,1.5435250243166563
155,1.2762811464945332,1.549018743689196
156,1.2762811464945332,1.555254201271719
157,1.2762811464945332,1.589208426191949
158,1.25265756437009,1.5597926537564486
159,1.2253994961229953,1.5258512672061746
160,1.1977376731075335,1.4914071305512182
161,1.2015739595913295,1.4961840238102624
162,1.2076313594393764,1.5037266180934814
163,1.1769408364998915,1.4655111842969155
164,1.1769408364998915,1.46878694117094
165,1.1777503053978458,1.4697971341302865
166,1.0919485320947515,1.3627190888721414
167,1.1186603881656236,1.3960546858321492
168,1.1115777282965298,1.3872157382811257
169,1.1115777282965298,1.3989307732595506
170,1.0870891273762247,1.3681116442419274
171,1.10219037808155,1.3871167068557329
172,1.1385151659547308,1.4328317857875428
173,1.1385151659547308,1.418844274483231
174,1.1385151659547308,1.3945863061144044
175,1.1385151659547308,1.384202366075908
176,1.1385151659547308,1.3521259824950955
177,1.1385151659547308,1.3477943818912455
178,1.1385151659547308,1.3664561818954477
179,1.0956991961475762,1.3150680683451346
180,1.069425798937275,1.2835344997893705
181,1.0398438575112567,1.2480299865928735
182,1.015516610375472,1.2188322049284408
183,0.9832100291487844,1.1800575544422567
184,0.9824315394226314,1.1791232040439008
185,1.0092888410479806,1.2113575799507108
186,0.9950817376295862,1.1943060861512291
187,0.9950817376295862,1.2215416965443429
188,0.9011272095517411,1.1062050671136494
189,0.6839569506762001,0.8396113628640469
190,0.7408870223188302,0.909497537706717
191,0.7124219864975152,0.8745544502853819
192,0.7124219864975152,0.9422126257143417
193,0.7259326390645083,0.960081118926974
194,0.6444394751368515,0.8523024576597384
195,0.6444394751368515,0.8914614900974123
196,0.5580805379755911,0.7720000514748674
197,0.6386074384607023,0.8833939580696472
198,0.6051854166802357,0.8371608415583474
199,0.6051854166802357,0.8356122289401778
200,0.6078721204075407,0.8393219060543264
201,0.6132455705665363,0.8467413192468782
202,0.6132455705665363,0.8804952195523614
203,0.6132455705665363,0.9302945821684209
204,0.5598663921218401,0.8493182769309836
205,0.5593744068838644,0.8485719344812979
206,0.5598663921218401,0.8493182769309836
207,0.7364850575817553,1.1172490953067014
208,0.839061633784944,1.2728579373095137
209,0.839061633784944,1.3136818765742233
210,0.839061633784944,1.3623214268971668
211,0.8645994181339034,1.4037852114550764
212,0.8287938234046642,1.3456503534918995
213,0.8287938234046642,1.3346273729491844
214,0.7729142301778148,1.2446430697319468
215,0.7729142301778148,1.3304960140230317
216,0.7765429119882068,1.3367424337373819
217,0.7838003288490368,1.3492353648135977
218,0.7838003288490368,1.4816788968791494
219,0.7838003288490368,1.9599859850265078
220,0.8259706890565368,2.0654379884871226
221,0.8648971040112338,2.1627781208529346
222,0.8648971040112338,2.151681716588816
223,0.8648971040112338,2.307756762430707
224,0.8648971040112338,2.2547438522515093
225,0.9528241636650406,2.4839653356875293
226,0.9528241636650406,2.215614559806381
227,0.9528241636650406,2.213862353249647
228,0.9528241636650406,2.058403653312417
229,1.0848883406893293,2.343704336087773
230,1.0848883406893293,2.4422787132006722
231,1.0848883406893293,2.463833127462691
232,1.1404953228231323,2.5901192341162447
233,1.0911487312670332,2.4780507728347496
234,1.0911487312670332,2.449120861926258
235,1.0623960151683554,2.384584401573557
236,1.0623960151683554,2.2359788574348127
237,1.1091510254997794,2.3343821016936346
238,1.1091510254997794,2.1794718561331226
239,1.1091510254997794,2.1895357853990376
240,1.1091510254997794,2.1221655469942133
241,1.1187688811946623,2.1405676234674744
242,1.1187688811946623,2.197235100909739
243,1.1187688811946623,2.1340579305898864
244,1.074537870557274,2.0496870291326257
245,1.074537870557274,2.017742391190159
246,1.0757558500833722,2.020029485008579
247,1.0757558500833722,2.0206015294670503
248,1.205199859210142,2.263737332820225
249,1.2119005274502823,2.2763232560047744
250,1.2119005274502823,2.264938750658706
251,1.2119005274502823,2.141250734612549
252,1.2119005274502823,2.2199731895630217
253,1.2119005274502823,2.199487706877994
254,1.2280866459677984,2.2288640194506506
255,1.2280866459677984,2.412723640781964
256,1.2280866459677984,2.4015103436794956
257,1.2594785348183237,2.4628968476608692
258,1.2594785348183237,2.3883366206577903
259,1.2594785348183237,2.4030033897217122
260,1.2594785348183237,2.3566916345744224
261,1.2801108119243079,2.3952980208792973
262,1.2801108119243079,2.345812811423973
263,1.2801108119243079,2.370575127361222
264,1.2801108119243079,2.5070110833192882
265,1.3036106688813938,2.5530339754775615
266,1.3026580079929249,2.5511682530855713
267,1.3026580079929249,2.508964881477541
268,1.2851685493458207,2.475279572461365
269,1.2851685493458207,2.476483237019027
270,1.3479739604809762,2.597507477730078
271,1.3467240719021831,2.5950989779927496
272,1.3467240719021831,2.596303557049836
273,1.3532888539383083,2.6089595771709986
274,1.3239034346792018,2.5523084263231057
275,1.3239034346792018,2.4997746013987343
276,1.307982288394628,2.469712531866469
277,1.307982288394628,2.4593500844627263
278,1.3351175657125076,2.510371529596785
279,1.3351175657125076,2.534682367689413
280,1.3351175657125076,2.5481959465612505
281,1.3394503345338606,2.5564654385007612
282,1.3716367858626204,2.617896271946778
283,1.3707083691320723,2.616124302338813
284,1.3707083691320723,2.675320805165674
285,1.3716577936654857,2.6771738727213816
286,1.3738731980637737,2.6814978541109085
287,1.367859974801347,2.669761366859238
288,1.3846337854542374,2.702500150419743
289,1.35899823647771,2.652465205661819
290,1.35899823647771,2.630412339384693
291,1.3577427820985648,2.6279823416100108
292,1.3577427820985648,2.5587780982712327
293,1.380356483458013,2.6013954809760533
294,1.380356483458013,2.606010838650371
295,1.380356483458013,2.6465095737418416
296,1.39869906246426,2.681677163802011
297,1.383465346911734,2.652470089733419
298,1.383465346911734,2.5981712128601853
299,1.3691525492564165,2.5712915379000933
300,1.3691525492564165,2.5804747133626442
301,1.3865725615004874,2.6133066290806592
302,1.38932309588548,2.61849062733751
303,1.38932309588548,2.6236849090557914
304,1.3749308043592992,2.596505602675726
305,1.358088574678804,2.5646996793606722
306,1.3819738654920923,2.6098061612444217
307,1.404327959560673,2.652021035118643
308,1.404327959560673,2.6648047308429863
309,1.404327959560673,2.697309511590805
310,1.4030821311310218,2.6949166340224058
311,1.4046393572637168,2.6979076168842226
312,1.3837722657063807,2.657827944501678
313,1.372560047456996,2.636292502780815
314,1.3286456051860647,2.5519455081723446
315,1.238947977999725,2.3796622026028045
316,1.2704044924003588,2.440081106119378
317,1.2476686581985457,2.3964121173842345
318,1.2476686581985457,2.410250271154497
319,1.240777153924933,2.3969372413408605
320,1.269595954533126,2.452609491760724
321,1.3225350200989627,2.5548773465283148
322,1.3225350200989627,2.491153039024738
323,1.3225350200989627,2.49981276650662
324,1.3225350200989627,2.6029664156323022
325,1.3314711506141101,2.620554190067867
326,1.3330668490741042,2.6236947870560137
327,1.3330668490741042,2.613059991532038
328,1.332431132620025,2.6118138685538344
329,1.332431132620025,2.580420263962313
330,1.2884668242207853,2.4952778580944677
331,1.2884668242207853,2.5001525168292438
332,1.2887814153161066,2.500762952196266
333,1.2356066381995234,2.397582140443306
334,1.2991647218685909,2.520910812833581
335,1.3419563124598146,2.603943996850931
336,1.3419563124598146,2.644872850670735
337,1.3419563124598146,2.5624876568525803
338,1.3267841656388792,2.5335161928819407
339,1.3267841656388792,2.6021371481954767
340,1.3499996930891074,2.6476682812596866
341,1.3776674968564437,2.7019313798528937
342,1.3776674968564437,2.7119477980647293
343,1.3776674968564437,2.7264771888797696
344,1.3677192365972328,2.7067890531520495
345,1.3850484167581063,2.7410844216051915
346,1.3391582484159004,2.650265339740829
347,1.3391582484159004,2.604700277881864
348,1.3173961812402821,2.56237244807783
349,1.3173961812402821,2.645336153016549
350,1.3414909762818787,2.6937185859784023
351,1.2737651598901567,2.557724909099126
352,1.2737651598901567,2.6575880918155446
353,1.2673370462022728,2.644176452898344
354,1.2673370462022728,2.644176452898344
355,1.3434584670150427,2.8029964519486734
356,1.394882731228834,2.9102882169524626
357,1.394882731228834,2.9316193735173854
358,1.394882731228834,3.041601509053689
359,1.49918957639376,3.269047050213106
360,1.541973018601426,3.3623381774655807
361,1.541973018601426,3.3477527973884706
362,1.541973018601426,3.36851766789438
363,1.541973018601426,3.4275730284135446
364,1.5794590727581181,3.5108988626656026
365,1.5769359861800625,3.505290422440663
366,1.5769359861800625,3.4586480706818037
367,1.5719569587822246,3.447727713955645
368,1.5719569587822246,3.3894477466721327
369,1.6104168406282093,3.472374800833422
370,1.6104168406282093,3.3417799008631
371,1.6104168406282093,3.2902198330956125
372,1.6104168406282093,3.3195846218744647
373,1.6104168406282093,3.360739390253423
374,1.6110936440301764,3.362151794666408
375,1.6327508365449273,3.407347658327541
376,1.6483169275290233,3.439832151660406
377,1.6483169275290233,3.4021161615861515
378,1.6483169275290233,3.434191797786871
379,1.6483169275290233,3.4306760940753134
380,1.648991929432938,3.4320809894910798
381,1.6959034674356899,3.5297189432574148
382,1.686453698267783,3.510050943349492
383,1.686453698267783,3.487716180767643
384,1.702214860508886,3.520311478600285
385,1.702214860508886,3.4982576025748546
386,1.702214860508886,3.4697282474762052
387,1.702214860508886,3.4192692400335716
388,1.702214860508886,3.5099392119544057
389,1.702214860508886,3.5681109866537186
390,1.7402835257625306,3.647908916920973
391,1.7433426230385252,3.6543212675900625
392,1.7433426230385252,3.685217045046153
393,1.751226382386698,3.7018823659905187
394,1.759795703081337,3.719996881330773
395,1.759795703081337,3.7382000368906696
396,1.759795703081337,3.56314637858355
397,1.7827781353545256,3.6096800587044116
398,1.7827781353545256,3.6043696319198255
399,1.7827781353545256,3.500725460936431
400,1.7722705441526214,3.4800923875751724
401,1.7722705441526214,3.423505399306973
402,1.755982430606916,3.392041554888733
403,1.755982430606916,3.37039809281648
404,1.7148995460315382,3.291544413299655
405,1.7148995460315382,3.2444380536617747
406,1.7204215931371825,3.254885277701879
407,1.7204215931371825,3.2537250855291404
408,1.699261369092386,3.2137060854976283
409,1.7136749211581939,3.2409655294125246
410,1.7145948952949828,3.2427054185994826
411,1.7145948952949828,3.248515588567322
412,1.7059926554362062,3.232217563678461
413,1.716745425960894,3.2525900392793097
414,1.716745425960894,3.2525900392793097
415,1.716745425960894,3.1631524149847086
416,1.7466226527850206,3.218202057612348
417,1.7466226527850206,3.1974182334088814
418,1.7466226527850206,3.170476724939156
419,1.7466226527850206,3.106606424626671
420,1.7466226527850206,3.0796544257938763
421,1.7466226527850206,3.0606163267538955
422,1.7466226527850206,3.077135937517183
423,1.7466226527850206,3.0135525936569367
424,1.772361714687082,3.057961737572237
425,1.772361714687082,3.0109089592073333
426,1.772361714687082,3.0302185278331395
427,1.772361714687082,3.079349417882584
428,1.8380046854310823,3.193399299503001
429,1.841667309458711,3.1997628420428446
430,1.841667309458711,3.120055234431026
431,1.8372718215428947,3.1126086315569967
432,1.8372718215428947,3.1479096533417374
433,1.832270921765124,3.1393413073293233
434,1.7419771570686498,2.9846355037613437
435,1.7800394667259458,3.049849975889951
436,1.8542193034583723,3.1769468057630736
437,1.8542193034583723,3.056940904903811
438,1.8542193034583723,3.1071135648805344
439,1.8542193034583723,3.140246350289329
440,1.8646549140056328,3.1579197656577023
441,1.9121636763336423,3.2383790820012637
442,1.9121636763336423,3.2575602803923744
443,1.9121636763336423,3.2736401796834422
444,1.8985609447142724,3.2503521895737246
445,1.8877342505154564,3.2318167987067947
446,1.7567032510037497,3.007490633486428
447,1.7914042482558719,3.0668990305214794
448,1.7939028301930258,3.0711766236600444
449,1.7939028301930258,3.2646724603923953
450,1.900728509985725,3.4590814601509807
451,1.828134233021719,3.326969211484208
452,1.828134233021719,3.19197376744364
453,1.8397424370469466,3.2122420180274145
454,1.8397424370469466,3.2543108684280986
455,1.8397424370469466,3.285040826363862
456,1.8414796113162843,3.2881427216522283
457,1.799496279858418,3.213177359605553
458,1.8165791930302821,3.2436805790088514
459,1.8287398547198837,3.265394634912276
460,1.8287398547198837,3.2633278821689573
461,1.8287398547198837,3.2762878815439302
462,1.838326519011818,3.293462917109011
463,1.8496562635475229,3.3137607766583144
464,1.8496562635475229,3.168926656348448
465,1.8496562635475229,3.1518842976864008
466,1.8496562635475229,3.1599094382172206
467,1.8496562635475229,3.146713392679351
468,1.836414784423492,3.1241864288755155
469,1.836414784423492,3.1839726054575688
470,1.8386639660832618,3.1878722325190294
471,1.8586249707027405,3.22248058593946
472,1.8456924978997162,3.2000582881694166
473,1.8456924978997162,3.162960513290836
474,1.8693124293986756,3.203437955087266
475,1.8693124293986756,3.143163187846122
476,1.8693124293986756,3.204390490483151
477,1.8693124293986756,3.2024856227229717
478,1.915704884322274,3.281964669435051
479,1.8915362571017398,3.2405592414405398
480,1.8915362571017398,3.2315417520087446
481,1.8926443880828463,3.2334349071194093
482,1.899016088385614,3.244320458735126
483,1.9203470285473814,3.28076270163877
484,1.8574621276888115,3.173328766956085
485,1.8574621276888115,3.096662877946673
486,1.8777371475451488,3.130464321541581
487,1.8777371475451488,3.164634722828731
488,1.8777371475451488,3.261956750114163
489,1.8340753091233133,3.1861085256975046
490,1.8715399611976429,3.251191157142649
491,1.92844098919381,3.3500381616891515
492,1.92844098919381,3.34076626925831
493,1.92844098919381,3.330094385593297
494,1.9449615798150872,3.3586226767792255
495,1.9497217282688102,3.366842655367712
496,1.9497217282688102,3.366842655367712
497,1.9978837832010923,3.4500104523743906
498,1.9967637105710379,3.4480762746641562
499,1.9967637105710379,3.420257515867374
500,1.98565356259734,3.4012269380838007
501,1.98565356259734,3.3668471673758713
502,1.98565356259734,3.3668471673758713
503,1.98565356259734,3.3529194400625237
504,1.9903084527622859,3.3607795582721613
505,1.9903084527622859,3.3529381313390147
506,2.021176460808342,3.4049393782173354
507,2.0321032575610927,3.4233470141969957
508,2.0321032575610927,3.4847123141211065
509,2.0321032575610927,3.4643283212633054
510,2.0705282637592677,3.529835247017079
511,2.0705282637592677,3.5340819945971154
512,2.0705282637592677,3.516220997515047
513,2.0807169234575653,3.5335236249627133
514,2.0807169234575653,3.5047654949572906
515,2.0807169234575653,3.5751611594049724
516,2.0807169234575653,3.5713353243207675
517,2.09101461045503,3.589010238634307
518,2.1107752721523054,3.622927369963331
519,2.1107752721523054,3.6072312600170724
520,2.1107752721523054,3.686606775402054
521,2.1107752721523054,3.7418330018867745
522,2.1306096734187094,3.7769940245737694
523,2.171715614734122,3.849863727860939
524,2.171715614734122,3.8698403701033395
525,2.171715614734122,3.8025522880360016
526,2.1225973137817373,3.716548896798334
527,2.1225973137817373,3.7818048026076965
528,2.126064052711603,3.7879814475366373
529,1.982477624630105,3.5321553236731207
530,2.00356768784777,3.5697312227124742
531,2.0867729488572593,3.717976984470877
532,2.0867729488572593,3.639375074364899
533,2.0867729488572593,3.6241497381828194
534,2.0867729488572593,3.6046911418702456
535,2.0867729488572593,3.6056589415329707
536,2.0867729488572593,3.5931161057674257
537,2.1233488582403366,3.6560944423226283
538,2.1233488582403366,3.6426829140075863
539,2.1233488582403366,3.814597281168831
540,2.1233488582403366,3.8398837099030043
541,2.063821008880884,3.732232996665825
542,2.090505930013481,3.7804902547981616
543,2.0732046706993934,3.749202497469378
544,2.0732046706993934,3.839348227323273
545,2.120950727918353,3.9277687015466145
546,2.1452744028424413,3.9728134863291427
547,2.1452744028424413,3.9800563017745048
548,2.1452744028424413,4.020651932096228
549,2.112452699538341,3.9591378224655576
550,2.0978650955104405,3.9317978801990954
551,2.0735527312800732,3.8862318891598444
552,2.0194572165674387,3.7848466139433445
553,1.9808612195224047,3.7125103804597934
554,2.089355756436707,3.9158497616076757
555,2.1592542963059747,4.0468529092720065
556,2.1592542963059747,3.9796389142393225
557,2.1592542963059747,4.045714264646758
558,2.1592542963059747,3.9550058270084048
559,2.1803421245271406,3.99363142272279
560,2.1803421245271406,4.01661194612418
561,2.1803421245271406,4.095160111246255
562,2.2241987824825515,4.177532521635986
563,2.2114073346990706,4.153507380746979
564,2.2114073346990706,4.206809362262619
565,2.239477802445775,4.260208437442948
566,2.204003932692147,4.19272570594719
567,2.204003932692147,4.108204147244785
568,2.221836778233197,4.14144409247457
569,2.221836778233197,4.136380032561138
570,2.221836778233197,4.03442310864709
571,2.228019970585934,4.045650582401003
572,2.228019970585934,4.063371211082908
573,2.186026548334937,3.986785334258529
574,2.199038683644355,4.010516331605514
575,2.253157091183328,4.109215258045425
576,2.253157091183328,4.052830039388281
577,2.253157091183328,4.009234668011277
578,2.253157091183328,3.936641837648884
579,2.253157091183328,3.958542610182839
580,2.253157091183328,3.98119434095464
581,2.2497188276848368,3.9751191341985437
582,2.271494059320807,4.013594671169014
583,2.328224204779442,4.113833458311386
584,2.328224204779442,4.049056752614729
585,2.328224204779442,4.122966305637676
586,2.328224204779442,4.0791961935228604
587,2.340724807249154,4.1010980403924675
588,2.340724807249154,4.039324075090309
589,2.340724807249154,4.05046118989978
590,2.340724807249154,4.0621479178306625
591,2.363799989030469,4.102193121494177
592,2.3880008156175547,4.144191795163999
593,2.3880008156175547,4.170237289589688
594,2.3880008156175547,4.13347567816656
595,2.4087708610360523,4.16942728966112
596,2.4087708610360523,4.229053848777915
597,2.4087708610360523,4.183564291280241
598,2.4217257588098753,4.206064417216023
599,2.4217257588098753,4.186104905830946
600,2.4217257588098753,4.276181868306455
601,2.4217257588098753,4.289367546967433
602,2.423448928089264,4.292419629292631
603,2.4329267973683435,4.30920685829748
604,2.4332140652886483,4.309715668054389
605,2.4332140652886483,4.453215345426827
606,2.3901825607025557,4.37446002369279
607,2.4554717869195066,4.493950942403174
608,2.4759489632734177,4.531427824224268
609,2.4759489632734177,4.459271410726106
610,2.4759489632734177,4.574746219144679
611,2.4759489632734177,4.562049139952583
612,2.4550345726514413,4.523513419239069
613,2.45144941787708,4.516907607690616
614,2.4628027879080197,4.537826710932848
615,2.398566105482476,4.419467687318152
616,2.398566105482476,4.367243597642565
617,2.3291836973561932,4.240914005564226
618,2.3291836973561932,4.19781325120731
619,2.405459369934555,4.3352824553141565
620,2.405459369934555,4.338444842707873
621,2.405459369934555,4.33686307251756
622,2.12597242237693,3.832969039941864
623,2.1470216896156216,3.8709192921606403
624,2.0631170335518596,3.7196454818259785
625,2.0631170335518596,3.8114617402181104
626,2.087082245063676,3.855735761171865
627,2.0933731216562044,3.8673577075059393
628,2.0933731216562044,3.698015041149864
629,2.1609752251184244,3.8174364633657336
630,2.1609752251184244,3.7983041054520528
631,2.1609752251184244,3.8697584413056103
632,2.1609752251184244,3.8321678013147062
633,2.139120990200471,3.79341256969452
634,2.139120990200471,3.828927685606785
635,2.1443454467403327,3.8382792212980177
636,2.177433597679135,3.8975054818861303
637,2.13389653366061,3.819576149915552
638,2.13389653366061,3.9263875685172014
639,2.2072941853090167,4.061439864842125
640,2.246379747118227,4.133357627290022
641,2.246379747118227,4.049453555261463
642,2.246379747118227,3.959293964176474
643,2.246379747118227,3.9422408147739594
644,2.246379747118227,3.9278112628734836
645,2.246379747118227,3.9233547748383835
646,2.246379747118227,3.929299388057295
647,2.2401399849079535,3.9183849850647006
648,2.2690705390670693,3.9689894338002287
649,2.2917613310159117,4.008679479543162
650,2.2917613310159117,3.950497897545803
651,2.2917613310159117,3.9620955863071114
652,2.2917613310159117,4.005209634969328
653,2.3725269557793056,4.14636013528485
654,2.399448758631063,4.1934101761042415
655,2.399448758631063,4.203338780648206
656,2.399448758631063,4.125680246396053
657,2.4398765041867256,4.195192858676418
658,2.4398765041867256,4.15107785945505
659,2.4398765041867256,4.153896214456764
660,2.4398765041867256,4.177054711277096
661,2.3949043041007965,4.100062560271469
662,2.448482213195949,4.1917876362014415
663,2.49734087617613,4.27543338959833
664,2.49734087617613,4.30510409200528
665,2.49734087617613,4.272109175041282
666,2.5300728881273895,4.3281026238766085
667,2.5300728881273895,4.324309698787001
668,2.5300728881273895,4.412274851628606
669,2.5764495276231187,4.49315255325937
670,2.6375308657953815,4.599674248182069
671,2.6375308657953815,4.628456040427221
672,2.6375308657953815,4.725838372504806
673,2.6599026444109284,4.765923366850702
674,2.6558350886017683,4.758635258273653
675,2.6558350886017683,4.605959923130221
676,2.713203850484199,4.7054533815923545
677,2.713203850484199,4.8668756860306095
678,2.713203850484199,4.788336354205244
679,2.66054816777778,4.695408165372825
680,2.66054816777778,4.666796008058923
681,2.7544095820252785,4.831435791178075
682,2.7544095820252785,4.831435791178075
683,2.7544095820252785,4.7222064561750114
684,2.7224397075431837,4.667396761688163
685,2.7224397075431837,4.525974611001319
686,2.718665671445818,4.519700388835681
687,2.718665671445818,4.036232852969118
688,2.6592031060601076,3.9479525018938078
689,2.6592031060601076,3.6922430572446467
690,2.7740276908810477,3.85167438279475
691,2.7740276908810477,3.7081167739484777
692,2.7740276908810477,4.269973005074794
693,2.7740276908810477,4.340663946124896
694,2.8587733432507174,4.473269831437824
695,2.712371347493955,4.244187091308335
696,2.712371347493955,4.541122909687597
697,2.6610611613553194,4.4552180567294
698,2.8950782528191583,4.8470155796927505
699,2.9300993857714768,4.905648874621162
700,2.9300993857714768,4.579369243706401
701,2.9300993857714768,4.584920931275305
702,2.9300993857714768,4.354166868247358
703,2.868172127369085,4.262142134176403
704,2.868172127369085,4.204913109092573
705,2.6739494938633643,3.920171028965109
706,2.6739494938633643,4.000189032653364
707,2.7520598084012553,4.1170409119684575
708,2.617671150210858,3.915997460010985
709,2.617671150210858,3.924726548128405
710,2.614267487449066,3.919623368685485
711,2.592629837540942,3.8871816087544553
712,2.4572121004202776,3.6841470954535263
713,2.4452992807540057,3.666285967403306
714,2.4987855688556295,3.7464790255941254
715,2.394244153841418,3.589737997657085
716,2.394244153841418,3.378415635720595
717,2.4889705433042355,3.5120799968773633
718,2.4889705433042355,3.4202691872063182
719,2.4889705433042355,3.3761403800752663
720,2.4889705433042355,3.5621823568588575
721,2.4889705433042355,3.5771914499662034
722,2.5246271143168397,3.6284376896232104
723,2.485474762698477,3.572167253706622
724,2.485474762698477,3.723335068361782
725,2.5503322009818783,3.820493960509421
