,CS_Perf_OL,CS_Perf_LS
45,,
46,,
47,,
48,,
49,,
50,,
51,,
52,,
53,,
54,,
55,,
56,,
57,,
58,,
59,,
60,,
61,,
62,,
63,,
64,,
65,,
66,,
67,,
68,,
69,,
70,,
71,,
72,,
73,,
74,,
75,,
76,,
77,,
78,,
79,,
80,,
81,,
82,,
83,,
84,,
85,,
86,,
87,,
88,,
89,,
90,,
91,,
92,,
93,,
94,,
95,,
96,,
97,,
98,,
99,,
100,,
101,,
102,,
103,,
104,,
105,,
106,,
107,,
108,,
109,,
110,,
111,,
112,,
113,,
114,,
115,,
116,,
117,,
118,,
119,,
120,,
121,,
122,,
123,,
124,,
125,,
126,,
127,,
128,,
129,,
130,,
131,,
132,,
133,,
134,,
135,,
136,,
137,,
138,,
139,,
140,,
141,,
142,,
143,,
144,,
145,,
146,,
147,,
148,,
149,,
150,,
151,,
152,,
153,,
154,,
155,,
156,,
157,,
158,,
159,,
160,,
161,,
162,,
163,,
164,,
165,,
166,,
167,,
168,,
169,,
170,,
171,,
172,,
173,,
174,,
175,,
176,,
177,,
178,,
179,,
180,,
181,,
182,,
183,,
184,,
185,,
186,,
187,,
188,,
189,,
190,,
191,,
192,,
193,,
194,,
195,,
196,,
197,,
198,,
199,,
200,,
201,,
202,,
203,,
204,,
205,,
206,,
207,,
208,,
209,,
210,,
211,,
212,,
213,,
214,,
215,,
216,,
217,,
218,,
219,,
220,,
221,,
222,,
223,,
224,,
225,,
226,,
227,,
228,,
229,,
230,,
231,,
232,,
233,,
234,,
235,,
236,,
237,,
238,,
239,,
240,,
241,,
242,,
243,,
244,,
245,,
246,,
247,,
248,,
249,,
250,,
251,,
252,,
253,,
254,,
255,,
256,,
257,,
258,,
259,,
260,,
261,,
262,,
263,,
264,,
265,,
266,,
267,,
268,,
269,,
270,,
271,,
272,,
273,,
274,,
275,,
276,,
277,,
278,,
279,,
280,,
281,,
282,,
283,,
284,,
285,,
286,,
287,,
288,,
289,,
290,,
291,,
292,,
293,,
294,,
295,,
296,,
297,,
298,,
299,,
300,,
301,,
302,,
303,,
304,,
305,,
306,,
307,,
308,,
309,,
310,,
311,,
312,,
313,,
314,,
315,,
316,,
317,,
318,,
319,,
320,,
321,,
322,,
323,,
324,,
325,,
326,,
327,,
328,,
329,,
330,,
331,,
332,,
333,,
334,,
335,,
336,,
337,,
338,,
339,,
340,,
341,,
342,,
343,,
344,,
345,,
346,,
347,,
348,,
349,,
350,,
351,,
352,,
353,,
354,,
355,,
356,,
357,,
358,,
359,,
360,,
361,,
362,,
363,,
364,,
365,,
366,,
367,,
368,,
369,,
370,,
371,,
372,,
373,,
374,,
375,,
376,,
377,,
378,,
379,,
380,,
381,,
382,,
383,,
384,,
385,,
386,,
387,,
388,,
389,,
390,,
391,,
392,,
393,,
394,,
395,,
396,,
397,,
398,,
399,,
400,,
401,,
402,,
403,,
404,,
405,,
406,,
407,,
408,,
409,,
410,,
411,,
412,,
413,,
414,,
415,,
416,,
417,,
418,,
419,,
420,,
421,,
422,,
423,,
424,,
425,,
426,,
427,,
428,,
429,,
430,,
431,,
432,,
433,,
434,,
435,,
436,,
437,,
438,,
439,,
440,,
441,,
442,,
443,,
444,,
445,,
446,,
447,,
448,,
449,,
450,,
451,,
452,,
453,,
454,,
455,,
456,,
457,,
458,,
459,,
460,,
461,,
462,,
463,,
464,,
465,,
466,,
467,,
468,,
469,,
470,,
471,,
472,,
473,,
474,,
475,,
476,,
477,,
478,,
479,,
480,,
481,,
482,,
483,,
484,,
485,,
486,,
487,,
488,,
489,,
490,,
491,,
492,,
493,,
494,,
495,,
496,,
497,,
498,,
499,,
500,,
501,,
502,,
503,,
504,,
505,,
506,,
507,,
508,,
509,,
510,,
511,,
512,,
513,,
514,,
515,,
516,,
517,,
518,,
519,,
520,,
521,,
522,,
523,,
524,,
525,,
526,,
527,,
528,,
529,,
530,,
531,,
532,,
533,,
534,,
535,,
536,,
537,,
538,,
539,,
540,,
541,,
542,,
543,,
544,,
545,,
546,,
547,,
548,,
549,,
550,,
551,,
552,,
553,,
554,,
555,,
556,,
557,,
558,,
559,,
560,,
561,,
562,,
563,,
564,,
565,,
566,,
567,,
568,,
569,,
570,,
571,,
572,,
573,,
574,,
575,,
576,,
577,,
578,,
579,,
580,,
581,,
582,,
583,,
584,,
585,,
586,,
587,,
588,,
589,,
590,,
591,,
592,,
593,,
594,,
595,,
596,,
597,,
598,,
599,,
600,,
601,,
602,,
603,,
604,,
605,,
606,,
607,,
608,,
609,,
610,,
611,,
612,,
613,,
614,,
615,,
616,,
617,,
618,,
619,,
620,,
621,,
622,,
623,,
624,,
625,,
626,,
627,,
628,,
629,,
630,,
631,,
632,,
633,,
634,,
635,,
636,,
637,,
638,,
639,,
640,,
641,,
642,,
643,,
644,,
645,,
646,,
647,,
648,,
649,,
650,,
651,,
652,,
653,,
654,,
655,,
656,,
657,,
658,,
659,,
660,,
661,,
662,,
663,,
664,,
665,,
666,,
667,,
668,,
669,,
670,,
671,,
672,,
673,,
674,,
675,,
676,,
677,,
678,,
679,,
680,,
681,,
682,,
683,,
684,,
685,,
686,,
687,,
688,,
689,,
690,,
691,,
692,,
693,,
694,,
695,,
696,,
697,,
698,,
699,,
700,,
701,,
702,,
703,,
704,,
705,,
706,,
707,,
708,,
709,,
710,,
711,,
712,,
713,,
714,,
715,,
716,,
717,,
718,,
719,,
720,,
721,,
722,,
723,,
724,,
725,,
726,,
727,,
728,,
729,,
730,,
731,,
732,,
733,,
734,,
735,,
736,,
737,,
738,,
739,,
740,,
741,,
742,,
743,,
744,,
745,,
746,,
747,,
748,,
749,,
750,,
751,,
752,,
753,,
754,,
755,,
756,,
757,,
758,,
759,,
760,,
761,,
762,,
763,,
764,,
765,,
766,,
767,,
768,,
769,,
770,,
771,,
772,,
773,,
774,,
775,,
776,,
777,,
778,,
779,,
780,,
781,,
782,,
783,,
784,,
785,,
786,,
787,,
788,,
789,,
790,,
791,,
792,,
793,,
794,,
795,,
796,,
797,,
798,,
799,,
800,,
801,,
802,,
803,,
804,,
805,,
806,,
807,,
808,,
809,,
810,,
811,,
812,,
813,,
814,,
815,,
816,,
817,,
818,,
819,,
820,,
821,,
822,,
823,,
824,,
825,,
826,,
827,,
828,,
829,,
830,,
831,,
832,,
833,,
834,,
835,,
836,,
837,,
838,,
839,,
840,,
841,,
842,,
843,,
844,,
845,,
846,,
847,,
848,,
849,,
850,,
851,,
852,,
853,,
854,,
855,,
856,,
857,,
858,,
859,,
860,,
861,,
862,,
863,,
864,,
865,,
866,,
867,,
868,,
869,,
870,,
871,,
872,,
873,,
874,,
875,,
876,,
877,,
878,,
879,,
880,,
881,,
882,,
883,,
884,,
885,,
886,,
887,,
888,,
889,,
890,,
891,,
892,,
893,,
894,,
895,,
896,,
897,,
898,,
899,,
900,,
901,,
902,,
903,,
904,,
905,,
906,,
907,,
908,,
909,,
910,,
911,,
912,,
913,,
914,,
915,,
916,,
917,,
918,,
919,,
920,,
921,,
922,,
923,,
924,,
925,,
926,,
927,,
928,,
929,,
930,,
931,,
932,,
933,,
934,,
935,,
936,,
937,,
938,,
939,,
940,,
941,,
942,,
943,,
944,,
945,,
946,,
947,,
948,,
949,,
950,,
951,,
952,,
953,,
954,,
955,,
956,,
957,,
958,,
959,,
960,,
961,,
962,,
963,,
964,,
965,,
966,,
967,,
968,,
969,,
970,,
971,,
972,,
973,,
974,,
975,,
976,,
977,,
978,,
979,,
980,,
981,,
982,,
983,,
984,,
985,,
986,,
987,,
988,,
989,,
990,,
991,,
992,,
993,,
994,,
995,,
996,,
997,,
998,,
999,,
1000,,
1001,,
1002,,
1003,,
1004,,
1005,,
1006,,
1007,,
1008,,
1009,,
1010,,
1011,,
1012,,
1013,,
1014,,
1015,,
1016,,
1017,,
1018,,
1019,,
1020,,
1021,,
1022,,
1023,,
1024,,
1025,,
1026,,
1027,,
1028,,
1029,,
1030,,
1031,,
1032,,
1033,,
1034,,
1035,,
1036,,
1037,,
1038,,
1039,,
1040,,
1041,,
1042,,
1043,,
1044,,
1045,,
1046,,
1047,,
1048,,
1049,,
1050,,
1051,,
1052,,
1053,,
1054,,
1055,,
1056,,
1057,,
1058,,
1059,,
1060,,
1061,,
1062,,
1063,,
1064,,
1065,,
1066,,
1067,,
1068,,
1069,,
1070,,
1071,,
1072,,
1073,,
1074,,
1075,,
1076,,
1077,,
1078,,
1079,,
1080,,
1081,,
1082,,
1083,,
1084,,
1085,,
1086,,
1087,,
1088,,
1089,,
1090,,
1091,,
1092,,
1093,,
1094,,
1095,,
1096,,
1097,,
1098,,
1099,,
1100,,
1101,,
1102,,
1103,,
1104,,
1105,,
1106,,
1107,,
1108,,
1109,,
1110,,
1111,,
1112,,
1113,,
1114,,
1115,,
1116,,
1117,,
1118,,
1119,,
1120,,
1121,,
1122,,
1123,,
1124,,
1125,,
1126,,
1127,,
1128,,
1129,,
1130,,
1131,,
1132,,
1133,,
1134,,
1135,,
1136,,
1137,,
1138,,
1139,,
1140,,
1141,,
1142,,
1143,,
1144,,
1145,,
1146,,
1147,,
1148,,
1149,,
1150,,
1151,,
1152,,
1153,,
1154,,
1155,,
1156,,
1157,,
1158,,
1159,,
1160,,
1161,,
1162,,
1163,,
1164,,
1165,,
1166,,
1167,,
1168,,
1169,,
1170,,
1171,,
1172,,
1173,,
1174,,
1175,,
1176,,
1177,,
1178,,
1179,,
1180,,
1181,,
1182,,
1183,,
1184,,
1185,,
1186,,
1187,,
1188,,
1189,,
1190,,
1191,,
1192,,
1193,,
1194,,
1195,,
1196,,
1197,,
1198,,
1199,,
1200,,
1201,,
1202,,
1203,,
1204,,
1205,,
1206,,
1207,,
1208,,
1209,,
1210,,
1211,,
1212,,
1213,,
1214,,
1215,,
1216,,
1217,,
1218,,
1219,,
1220,,
1221,,
1222,,
1223,,
1224,,
1225,,
1226,,
1227,,
1228,,
1229,,
1230,,
1231,,
1232,,
1233,,
1234,,
1235,,
1236,,
1237,,
1238,,
1239,,
1240,,
1241,,
1242,,
1243,,
1244,,
1245,,
1246,,
1247,,
1248,,
1249,,
1250,,
1251,,
1252,,
1253,,
1254,,
1255,,
1256,,
1257,,
1258,,
1259,,
1260,,
1261,,
1262,,
1263,,
1264,,
1265,,
1266,,
1267,,
1268,,
1269,,
1270,,
1271,,
1272,,
1273,,
1274,,
1275,,
1276,,
1277,,
1278,,
1279,,
1280,,
1281,,
1282,,
1283,,
1284,,
1285,,
1286,,
1287,,
1288,,
1289,,
1290,,
1291,,
1292,,
1293,,
1294,,
1295,,
1296,,
1297,,
1298,,
1299,,
1300,,
1301,,
1302,,
1303,,
1304,,
1305,,
1306,,
1307,,
1308,,
1309,,
1310,,
1311,,
1312,,
1313,,
1314,,
1315,,
1316,,
1317,,
1318,,
1319,,
1320,,
1321,,
1322,,
1323,,
1324,,
1325,,
1326,,
1327,,
1328,,
1329,,
1330,,
1331,,
1332,,
1333,,
1334,,
1335,,
1336,,
1337,,
1338,,
1339,,
1340,,
1341,,
1342,,
1343,,
1344,,
1345,,
1346,,
1347,,
1348,,
1349,,
1350,,
1351,,
1352,,
1353,,
1354,,
1355,,
1356,,
1357,,
1358,,
1359,,
1360,,
1361,,
1362,,
1363,,
1364,,
1365,,
1366,,
1367,,
1368,,
1369,,
1370,,
1371,,
1372,,
1373,,
1374,,
1375,,
1376,,
1377,,
1378,,
1379,,
1380,,
1381,,
1382,,
1383,,
1384,,
1385,,
1386,,
1387,,
1388,,
1389,,
1390,,
1391,,
1392,,
1393,,
1394,,
1395,,
1396,,
1397,,
1398,,
1399,,
1400,,
1401,,
1402,,
1403,,
1404,,
1405,,
1406,,
1407,,
1408,,
1409,,
1410,,
1411,,
1412,,
1413,,
1414,,
1415,,
1416,,
1417,,
1418,,
1419,,
1420,,
1421,,
1422,,
1423,,
1424,,
1425,,
1426,,
1427,,
1428,,
1429,,
1430,,
1431,,
1432,,
1433,,
1434,,
1435,,
1436,,
1437,,
1438,,
1439,,
1440,,
1441,,
1442,,
1443,,
1444,,
1445,,
1446,,
1447,,
1448,,
1449,,
1450,,
1451,,
1452,,
1453,,
1454,,
1455,,
1456,,
1457,,
1458,,
1459,,
1460,,
1461,,
1462,,
1463,,
1464,,
1465,,
1466,,
1467,,
1468,,
1469,,
1470,,
1471,,
1472,,
1473,,
1474,,
1475,,
1476,,
1477,,
1478,,
1479,,
1480,,
1481,,
1482,,
1483,,
1484,,
1485,,
1486,,
1487,,
1488,,
1489,,
1490,,
1491,,
1492,,
1493,,
1494,,
1495,,
1496,,
1497,,
1498,,
1499,,
1500,,
1501,,
1502,,
1503,,
1504,,
1505,,
1506,,
1507,,
1508,,
1509,,
1510,,
1511,,
1512,,
1513,,
1514,,
1515,,
1516,,
1517,,
1518,,
1519,,
1520,,
1521,,
1522,,
1523,,
1524,,
1525,,
1526,,
1527,,
1528,,
1529,,
1530,,
1531,,
1532,,
1533,,
1534,,
1535,,
1536,,
1537,,
1538,,
1539,,
1540,,
1541,,
1542,,
1543,,
1544,,
1545,,
1546,,
1547,,
1548,,
1549,,
1550,,
1551,,
1552,,
1553,,
1554,,
1555,,
1556,,
1557,,
1558,,
1559,,
1560,,
1561,,
1562,,
1563,,
1564,,
1565,,
1566,,
1567,,
1568,,
1569,,
1570,,
1571,,
1572,,
1573,,
1574,,
1575,,
1576,,
1577,,
1578,,
1579,,
1580,,
1581,,
1582,,
1583,,
1584,,
1585,,
1586,,
1587,,
1588,,
1589,,
1590,,
1591,,
1592,,
1593,,
1594,,
1595,,
1596,,
1597,,
1598,,
1599,,
1600,,
1601,,
1602,,
1603,,
1604,,
1605,,
1606,,
1607,,
1608,,
1609,,
1610,,
1611,,
1612,,
1613,,
1614,,
1615,,
1616,,
1617,,
1618,,
1619,,
1620,,
1621,,
1622,,
1623,,
1624,,
1625,,
1626,,
1627,,
1628,,
1629,,
1630,,
1631,,
1632,,
1633,,
1634,,
1635,,
1636,,
1637,,
1638,,
1639,,
1640,,
1641,,
1642,,
1643,,
1644,,
1645,,
1646,,
1647,,
1648,,
1649,,
1650,,
1651,,
1652,,
1653,,
1654,,
1655,,
1656,,
1657,,
1658,,
1659,,
1660,,
1661,,
1662,,
1663,,
1664,,
1665,,
1666,,
1667,,
1668,,
1669,,
1670,,
1671,,
1672,,
1673,,
1674,,
1675,,
1676,,
1677,,
1678,,
1679,,
1680,,
1681,,
1682,,
1683,,
1684,,
1685,,
1686,,
1687,,
1688,,
1689,,
1690,,
1691,,
1692,,
1693,,
1694,,
1695,,
1696,,
1697,,
1698,,
1699,,
1700,,
1701,,
1702,,
1703,,
1704,,
1705,,
1706,,
1707,,
1708,,
1709,,
1710,,
1711,,
1712,,
1713,,
1714,,
1715,,
1716,,
1717,,
1718,,
1719,,
1720,,
1721,,
1722,,
1723,,
1724,,
1725,,
1726,,
1727,,
1728,,
1729,,
1730,,
1731,,
1732,,
1733,,
1734,,
1735,,
1736,,
1737,,
1738,,
1739,,
1740,,
1741,,
1742,,
1743,,
1744,,
1745,,
1746,,
1747,,
1748,,
1749,,
1750,,
1751,,
1752,,
1753,,
1754,,
1755,,
1756,,
1757,,
1758,,
1759,,
1760,,
1761,,
1762,,
1763,,
1764,,
1765,,
1766,,
1767,,
1768,,
1769,,
1770,,
1771,,
1772,,
1773,,
1774,,
1775,,
1776,,
1777,,
1778,,
1779,,
1780,,
1781,,
1782,,
1783,,
1784,,
1785,,
1786,,
1787,,
1788,,
1789,,
1790,,
1791,,
1792,,
1793,,
1794,,
1795,,
1796,,
1797,,
1798,,
1799,,
1800,,
1801,,
1802,,
1803,,
1804,,
1805,,
1806,,
1807,,
1808,,
1809,,
1810,,
1811,,
1812,,
1813,,
1814,,
1815,,
1816,,
1817,,
1818,,
1819,,
1820,,
1821,,
1822,,
1823,,
1824,,
1825,,
1826,,
1827,,
1828,,
1829,,
1830,,
1831,,
1832,,
1833,,
1834,,
1835,,
1836,,
1837,,
1838,,
1839,,
1840,,
1841,,
1842,,
1843,,
1844,,
1845,,
1846,,
1847,,
1848,,
1849,,
1850,,
1851,,
1852,,
1853,,
1854,,
1855,,
1856,,
1857,,
1858,,
1859,,
1860,,
1861,,
1862,,
1863,,
1864,,
1865,,
1866,,
1867,,
1868,,
1869,,
1870,,
1871,,
1872,,
1873,,
1874,,
1875,,
1876,,
1877,,
1878,,
1879,,
1880,,
1881,,
1882,,
1883,,
1884,,
1885,,
1886,,
1887,,
1888,,
1889,,
1890,,
1891,,
1892,,
1893,,
1894,,
1895,,
1896,,
1897,,
1898,,
1899,,
1900,,
1901,,
1902,,
1903,,
1904,,
1905,,
1906,,
1907,,
1908,,
1909,,
1910,,
1911,,
1912,,
1913,,
1914,,
1915,,
1916,,
1917,,
1918,,
1919,,
1920,,
1921,,
1922,,
1923,,
1924,,
1925,,
1926,,
1927,,
1928,,
1929,,
1930,,
1931,,
1932,,
1933,,
1934,,
1935,,
1936,,
1937,,
1938,,
1939,,
1940,,
1941,,
1942,,
1943,,
1944,,
1945,,
1946,,
1947,,
1948,,
1949,,
1950,,
1951,,
1952,,
1953,,
1954,,
1955,,
1956,,
1957,,
1958,,
1959,,
1960,,
1961,,
1962,,
1963,,
1964,,
1965,,
1966,,
1967,,
1968,,
1969,,
1970,,
1971,,
1972,,
1973,,
1974,,
1975,,
1976,,
1977,,
1978,,
1979,,
1980,,
1981,,
1982,,
1983,,
1984,,
1985,,
1986,,
1987,,
1988,,
1989,,
1990,,
1991,,
1992,,
1993,,
1994,,
1995,,
1996,,
1997,,
1998,,
1999,,
2000,,
2001,,
2002,,
2003,,
2004,,
2005,,
2006,,
2007,,
2008,,
2009,,
2010,,
2011,,
2012,,
2013,,
2014,,
2015,,
2016,,
2017,,
2018,,
2019,,
2020,,
2021,,
2022,,
2023,,
2024,,
2025,,
2026,,
2027,,
2028,,
2029,,
2030,,
2031,,
2032,,
2033,,
2034,,
2035,,
2036,,
2037,,
2038,,
2039,,
2040,,
2041,,
2042,,
2043,,
2044,,
2045,,
2046,,
2047,,
2048,,
2049,,
2050,,
2051,,
2052,,
2053,,
2054,,
2055,,
2056,,
2057,,
2058,,
2059,,
2060,,
2061,,
2062,,
2063,,
2064,,
2065,,
2066,,
2067,,
2068,,
2069,,
2070,,
2071,,
2072,,
2073,,
2074,,
2075,,
2076,,
2077,,
2078,,
2079,,
2080,,
2081,,
2082,,
2083,,
2084,,
2085,,
2086,,
2087,,
2088,,
2089,,
2090,,
2091,,
2092,,
2093,,
2094,,
2095,,
2096,,
2097,,
2098,,
2099,,
2100,,
2101,,
2102,,
2103,,
2104,,
2105,,
2106,,
2107,,
2108,,
2109,,
2110,,
2111,,
2112,,
2113,,
2114,,
2115,,
2116,,
2117,,
2118,,
2119,,
2120,,
2121,,
2122,,
2123,,
2124,,
2125,,
2126,,
2127,,
2128,,
2129,,
2130,,
2131,,
2132,,
2133,,
2134,,
2135,,
2136,,
2137,,
2138,,
2139,,
2140,,
2141,,
2142,,
2143,,
2144,,
2145,,
2146,,
2147,,
2148,,
2149,,
2150,,
2151,,
2152,,
2153,,
2154,,
2155,,
2156,,
2157,,
2158,,
2159,,
2160,,
2161,,
2162,,
2163,,
2164,,
2165,,
2166,,
2167,,
2168,,
2169,,
2170,,
2171,,
2172,,
2173,,
2174,,
2175,,
2176,,
2177,,
2178,,
2179,,
2180,,
2181,,
2182,,
2183,,
2184,,
2185,,
2186,,
2187,,
2188,,
2189,,
2190,,
2191,,
2192,,
2193,,
2194,,
2195,,
2196,,
2197,,
2198,,
2199,,
2200,,
2201,,
2202,,
2203,,
2204,,
2205,,
2206,,
2207,,
2208,,
2209,,
2210,,
2211,,
2212,,
2213,,
2214,,
2215,,
2216,,
2217,,
2218,,
2219,,
2220,,
2221,,
2222,,
2223,,
2224,,
2225,,
2226,,
2227,,
2228,,
2229,,
2230,,
2231,,
2232,,
2233,,
2234,,
2235,,
2236,,
2237,,
2238,,
2239,,
2240,,
2241,,
2242,,
2243,,
2244,,
2245,,
2246,,
2247,,
2248,,
2249,,
2250,,
2251,,
2252,,
2253,,
2254,,
2255,,
2256,,
2257,,
2258,,
2259,,
2260,,
2261,,
2262,,
2263,,
2264,,
2265,,
2266,,
2267,,
2268,,
2269,,
2270,,
2271,,
2272,,
2273,,
2274,,
2275,,
2276,,
2277,,
2278,,
2279,,
2280,,
2281,,
2282,,
2283,,
2284,,
2285,,
2286,,
2287,,
2288,,
2289,,
2290,,
2291,,
2292,,
2293,,
2294,,
2295,,
2296,,
2297,,
2298,,
2299,,
2300,,
2301,,
2302,,
2303,,
2304,,
2305,,
2306,,
2307,,
2308,,
2309,,
2310,,
2311,,
2312,,
2313,,
2314,,
2315,,
2316,,
2317,,
2318,,
2319,,
2320,,
2321,,
2322,,
2323,,
2324,,
2325,,
2326,,
2327,,
2328,,
2329,,
2330,,
2331,,
2332,,
2333,,
2334,,
2335,,
2336,,
2337,,
2338,,
2339,,
2340,,
2341,,
2342,,
2343,,
2344,,
2345,,
2346,,
2347,,
2348,,
2349,,
2350,,
2351,,
2352,,
2353,,
2354,,
2355,,
2356,,
2357,,
2358,,
2359,,
2360,,
2361,,
2362,,
2363,,
2364,,
2365,,
2366,,
2367,,
2368,,
2369,,
2370,,
2371,,
2372,,
2373,,
2374,,
2375,,
2376,,
2377,,
2378,,
2379,,
2380,,
2381,,
2382,,
2383,,
2384,,
2385,,
2386,,
2387,,
2388,,
2389,,
2390,,
2391,,
2392,,
2393,,
2394,,
2395,,
2396,,
2397,,
2398,,
2399,,
2400,,
2401,,
2402,,
2403,,
2404,,
2405,,
2406,,
2407,,
2408,,
2409,,
2410,,
2411,,
2412,,
2413,,
2414,,
2415,,
2416,,
2417,,
2418,,
2419,,
2420,,
2421,,
2422,,
2423,,
2424,,
2425,,
2426,,
2427,,
2428,,
2429,,
2430,,
2431,,
2432,,
2433,,
2434,,
2435,,
2436,,
2437,,
2438,,
2439,,
2440,,
2441,,
2442,,
2443,,
2444,,
2445,,
2446,,
2447,,
2448,,
2449,,
2450,,
2451,,
2452,,
2453,,
2454,,
2455,,
2456,,
2457,,
2458,,
2459,,
2460,,
2461,,
2462,,
2463,,
2464,,
2465,,
2466,,
2467,,
2468,,
2469,,
2470,,
2471,,
2472,,
2473,,
2474,,
2475,,
2476,,
2477,,
2478,,
2479,,
2480,,
2481,,
2482,,
2483,,
2484,,
2485,,
2486,,
2487,,
2488,,
2489,,
2490,,
2491,,
2492,,
2493,,
2494,,
2495,,
2496,,
2497,,
2498,,
2499,,
2500,,
2501,,
2502,,
2503,,
2504,,
2505,,
2506,,
2507,,
2508,,
2509,,
2510,,
2511,,
2512,,
2513,,
2514,,
2515,,
2516,,
2517,,
2518,,
2519,,
2520,,
2521,,
2522,,
2523,,
2524,,
2525,,
2526,,
2527,,
2528,,
2529,,
2530,,
2531,,
2532,,
2533,,
2534,,
2535,,
2536,,
2537,,
2538,,
2539,,
2540,,
2541,,
2542,,
2543,,
2544,,
2545,,
2546,,
2547,,
2548,,
2549,,
2550,,
2551,,
2552,,
2553,,
2554,,
2555,,
2556,,
2557,,
2558,,
2559,,
2560,,
2561,,
2562,,
2563,,
2564,,
2565,,
2566,,
2567,,
2568,,
2569,,
2570,,
2571,,
2572,,
2573,,
2574,,
2575,,
2576,,
2577,,
2578,,
2579,,
2580,,
2581,,
2582,,
2583,,
2584,,
2585,,
2586,,
2587,,
2588,,
2589,,
2590,,
2591,,
2592,,
2593,,
2594,,
2595,,
2596,,
2597,,
2598,,
2599,,
2600,,
2601,,
2602,,
2603,,
2604,,
2605,,
2606,,
2607,,
2608,,
2609,,
2610,,
2611,,
2612,,
2613,,
2614,,
2615,,
2616,,
2617,,
2618,,
2619,,
2620,,
2621,,
2622,,
2623,,
2624,,
2625,,
2626,,
2627,,
2628,,
2629,,
2630,,
2631,,
2632,,
2633,,
2634,,
2635,,
2636,,
2637,,
2638,,
2639,,
2640,,
2641,,
2642,,
2643,,
2644,,
2645,,
2646,,
2647,,
2648,,
2649,,
2650,,
2651,,
2652,,
2653,,
2654,,
2655,,
2656,,
2657,,
2658,,
2659,,
2660,,
2661,,
2662,,
2663,,
2664,,
2665,,
2666,,
2667,,
2668,,
2669,,
2670,,
2671,,
2672,,
2673,,
2674,,
2675,,
2676,,
2677,,
2678,,
2679,,
2680,,
2681,,
2682,,
2683,,
2684,,
2685,,
2686,,
2687,,
2688,,
2689,,
2690,,
2691,,
2692,,
2693,,
2694,,
2695,,
2696,,
2697,,
2698,,
2699,,
2700,,
2701,,
2702,,
2703,,
2704,,
2705,,
2706,,
2707,,
2708,,
2709,,
2710,,
2711,,
2712,,
2713,,
2714,,
2715,,
2716,,
2717,,
2718,,
2719,,
2720,,
2721,,
2722,,
2723,,
2724,,
2725,,
2726,,
2727,,
2728,,
2729,,
2730,,
2731,,
2732,,
2733,,
2734,,
2735,,
2736,,
2737,,
2738,,
2739,,
2740,,
2741,,
2742,,
2743,,
2744,,
2745,,
2746,,
2747,,
2748,,
2749,,
2750,,
2751,,
2752,,
2753,,
2754,,
2755,,
2756,,
2757,,
2758,,
2759,,
2760,,
2761,,
2762,,
2763,,
2764,,
2765,,
2766,,
2767,,
2768,,
2769,,
2770,,
2771,,
2772,,
2773,,
2774,,
2775,,
2776,,
2777,,
2778,,
2779,,
2780,,
2781,,
2782,,
2783,,
2784,,
2785,,
2786,,
2787,,
2788,,
2789,,
2790,,
2791,,
2792,,
2793,,
2794,,
2795,,
2796,,
2797,,
2798,,
2799,,
2800,,
2801,,
2802,,
2803,,
2804,,
2805,,
2806,,
2807,,
2808,,
2809,,
2810,,
2811,,
2812,,
2813,,
2814,,
2815,,
2816,,
2817,,
2818,,
2819,,
2820,,
2821,,
2822,,
2823,,
2824,,
2825,,
2826,,
2827,,
2828,,
2829,,
2830,,
2831,,
2832,,
2833,,
2834,,
2835,,
2836,,
2837,,
2838,,
2839,,
2840,,
2841,,
2842,,
2843,,
2844,,
2845,,
2846,,
2847,,
2848,,
2849,,
2850,,
2851,,
2852,,
2853,,
2854,,
2855,,
2856,,
2857,,
2858,,
2859,,
2860,,
2861,,
2862,,
2863,,
2864,,
2865,,
2866,,
2867,,
2868,,
2869,,
2870,,
2871,,
2872,,
2873,,
2874,,
2875,,
2876,,
2877,,
2878,,
2879,,
2880,,
2881,,
2882,,
2883,,
2884,,
2885,,
2886,,
2887,,
2888,,
2889,,
2890,,
2891,,
2892,,
2893,,
2894,,
2895,,
2896,,
2897,,
2898,,
2899,,
2900,,
2901,,
2902,,
2903,,
2904,,
2905,,
2906,,
2907,,
2908,,
2909,,
2910,,
2911,,
2912,,
2913,,
2914,,
2915,,
2916,,
2917,,
2918,,
2919,,
2920,,
2921,,
2922,1.0,0.980688754832216
2923,1.0,0.9857651072070628
2924,1.0,0.9455392011212665
2925,1.0,0.9346625993722834
2926,1.0,0.9395621038119919
2927,1.0,0.9368177673753735
2928,1.0,0.9165288101161942
2929,1.0,0.9157024167123513
2930,1.0,0.9157024167123513
2931,1.0,0.9163909567926163
2932,1.0,0.9766025182136507
2933,1.0,0.9548730635868556
2934,1.0,0.9487777587066023
2935,1.0,0.9505537052961637
2936,1.0,0.9498128919636892
2937,1.0,0.9094164555138913
2938,1.0,0.9161154795858062
2939,1.0,0.9133692672625341
2940,1.0,0.9166665997220231
2941,1.0,0.9470085481232225
2942,1.0,0.9572729936031616
2943,1.0,0.9840141825676038
2944,1.0,0.9755082029118471
2945,1.0,0.9633259602216193
2946,1.0,0.9547234353526269
2947,1.0,0.9645457159283476
2948,1.0,0.9613503583131516
2949,1.0,0.9602899386366323
2950,1.0039394894990026,0.9640729907658891
2951,1.0198550607376033,0.979356553693972
2952,1.0269460937463368,0.986166001346799
2953,1.027261320231517,0.9864687101689094
2954,0.9752600107552102,0.9365323758828821
2955,0.9752600107552102,0.9691019368152247
2956,0.9752600107552102,0.9834066766589943
2957,0.9752600107552102,1.0308018609930858
2958,0.9752600107552102,1.0101426819942274
2959,0.9752600107552102,0.9902953934842685
2960,0.9752600107552102,0.9896190622124863
2961,0.9752600107552102,0.9455463114709973
2962,0.9752600107552102,0.9744786250480576
2963,0.9752600107552102,0.9953973660902337
2964,0.9752600107552102,0.9884377349091417
2965,0.9752600107552102,0.9702374714306354
2966,0.9752600107552102,0.9655503806501401
2967,0.9752600107552102,0.961227013352165
2968,0.9752600107552102,0.9673229296228092
2969,0.9752600107552102,0.9767776882833349
2970,0.9752600107552102,0.9874273836189138
2971,0.9752600107552102,0.9739873938259629
2972,0.9752600107552102,0.9582077461308921
2973,0.9752600107552102,0.9489519717451635
2974,0.9752600107552102,0.9591591573567003
2975,0.9752600107552102,0.9948848239213645
2976,0.9752600107552102,0.9548927091145344
2977,0.9752600107552102,0.9509760040400402
2978,0.9752600107552102,0.9418587473103693
2979,0.9752600107552102,0.9260582845577933
2980,0.9752600107552102,0.9291758124288348
2981,0.9752600107552102,0.9531653817267571
2982,0.9752600107552102,0.9599534141509886
2983,0.9752600107552102,0.9625039355172036
2984,0.9752600107552102,0.8397854388710738
2985,0.9752600107552102,0.8979393560260901
2986,0.9609067740270787,0.8847240739449884
2987,0.972993698085563,0.8958527213679534
2988,0.9711806248959551,0.8941833924153144
2989,0.9785838053653152,0.9009996332432906
2990,0.9533524753078888,0.8777686958382974
2991,0.9426253849589731,0.8678920716624736
2992,0.9479134286432414,0.8727608681763517
2993,0.9353732651047177,0.8612149150478889
2994,0.9183005338616252,0.8454957456684762
2995,0.917847294381586,0.8450784399629783
2996,0.871614965471642,0.8025115068465117
2997,0.8719171443365765,0.8027897283386182
2998,0.8818888163405183,0.8119708253168375
2999,0.8815866374755836,0.8116926038247311
3000,0.8799247401705311,0.8101624652161309
3001,0.8811333979955444,0.8112752981192332
3002,0.8929180855543688,0.8221256709847679
3003,0.8929180855543688,0.8029685547594053
3004,0.8929180855543688,0.8186626310011054
3005,0.8929180855543688,0.8271641898598558
3006,0.8929180855543688,0.8176982059573492
3007,0.8929180855543688,0.8110102824985128
3008,0.8929180855543688,0.8176982059573492
3009,0.8929180855543688,0.8240777926594524
3010,0.8929180855543688,0.8138630700135229
3011,0.8929180855543688,0.7943048447793227
3012,0.8929180855543688,0.787864883141872
3013,0.8929180855543688,0.7834186640134626
3014,0.8929180855543688,0.789144488250176
3015,0.8929180855543688,0.7888882250423894
3016,0.8929180855543688,0.8016437124476334
3017,0.8929180855543688,0.8067014157398996
3018,0.8929180855543688,0.8069693844799549
3019,0.8929180855543688,0.782031628286426
3020,0.8929180855543688,0.7717221506872344
3021,0.8929180855543688,0.7869715675385471
3022,0.8929180855543688,0.7800228798619887
3023,0.8929180855543688,0.7772776708585877
3024,0.8882042604877457,0.7731743258509156
3025,0.8864901472353989,0.7716822047057327
3026,0.8909182776781845,0.7755368549502616
3027,0.889632679116255,0.7744177522329554
3028,0.904202777987897,0.7871009005512002
3029,0.8919181816162767,0.7764072629044246
3030,0.8700630605541525,0.7573825641438954
3031,0.8913468468592797,0.7759099208118143
3032,0.9137733571690786,0.7954320090986298
3033,0.9054883765498265,0.7882200032685063
3034,0.9092023521690353,0.7914529877556913
3035,0.9180586130546065,0.799162288244749
3036,0.9150589012403302,0.7965510643822599
3037,0.8917753615496967,0.7762829392396908
3038,0.8913468468592795,0.7759099208118141
3039,0.8687774619922228,0.7562634614265891
3040,0.8999174676116911,0.7833705739714047
3041,0.9054883765498265,0.7882200032685063
3042,0.9197727807976313,0.800654456823608
3043,0.9177729729214471,0.7989136409152819
3044,0.9190585169926988,0.8000326961989122
3045,0.9102022561071276,0.7923233957098543
3046,0.9170587091165147,0.7982918802905861
3047,0.9316288624788346,0.8109750760425068
3048,0.9333429212405034,0.8124671497540137
3049,0.9441990989836145,0.8219173610187495
3050,0.9451990029217066,0.8227877689729124
3051,0.9504842717266823,0.8273885509405466
3052,0.9447704882312893,0.8224147505450357
3053,0.9483415892932404,0.8255233639338111
3054,0.9599119218599284,0.8355952409558908
3055,0.9701967103553647,0.8445480626943404
3056,0.9736250458414138,0.8475323998520581
3057,0.9776246615937821,0.8510140316687101
3058,0.976767523231592,0.8502678999456047
3059,0.9463417814170562,0.8237825480254849
3060,0.9799101096031259,0.8530034949065034
3061,0.9843383490272672,0.8568582400183843
3062,0.9751962300458251,0.8489001024651555
3063,0.9347714488503683,0.8137106710034052
3064,0.9337715449122763,0.8128402630492422
3065,0.928200635974141,0.8079908337521408
3066,0.9170587091165147,0.7982918802905858
3067,0.9212011994261406,0.8018978832056475
3068,0.914201871859496,0.7958050275265062
3069,0.9230582417264229,0.8035144228829159
3070,0.9263435936738589,0.8063742940748723
3071,0.92262961805465,0.8031413095876873
3072,0.9029171794259677,0.7859817978338937
3073,0.8862044526115617,0.7714335099425892
3074,0.8669204741826186,0.7546469691829963
3075,0.847350855620516,0.7376117810939363
3076,0.847350855620516,0.7352567948831318
3077,0.847350855620516,0.7315687949295134
3078,0.847350855620516,0.7506455642846889
3079,0.847350855620516,0.7523234309523126
3080,0.847350855620516,0.751806358347222
3081,0.847350855620516,0.8108808630795895
3082,0.847350855620516,0.7915182994862501
3083,0.847350855620516,0.7965616309175264
3084,0.847350855620516,0.8032885927816074
3085,0.847350855620516,0.8213840858530363
3086,0.847350855620516,0.8101301979108995
3087,0.847350855620516,0.7842826655558132
3088,0.847350855620516,0.7766263846447863
3089,0.847350855620516,0.7633484100200015
3090,0.847350855620516,0.7576645996431348
3091,0.847350855620516,0.7401070943827927
3092,0.847350855620516,0.7377361257168209
3093,0.847350855620516,0.7479509509297614
3094,0.847350855620516,0.7771781744641374
3095,0.847350855620516,0.7962717019451128
3096,0.847350855620516,0.8189243941507608
3097,0.847350855620516,0.8385421689054864
3098,0.847350855620516,0.8660952144284266
3099,0.847350855620516,0.8667815179511119
3100,0.847350855620516,0.8437163539226272
3101,0.847350855620516,0.855762364860908
3102,0.847350855620516,0.8752776387330784
3103,0.847350855620516,0.9665370043504642
3104,0.847350855620516,1.2734321842884087
3105,0.847350855620516,1.175581117527015
3106,0.847350855620516,1.2225518164322835
3107,0.847350855620516,1.3171321198544175
3108,0.847350855620516,1.2926183929621915
3109,0.847350855620516,1.4560775953507517
3110,0.847350855620516,1.5229770736705401
3111,0.847350855620516,1.7586467887984791
3112,0.847350855620516,1.536885552676031
3113,0.847350855620516,1.6217617261591786
3114,0.847350855620516,1.6187617283712752
3115,0.847350855620516,1.6116070439841743
3116,0.847350855620516,1.597485637255162
3117,0.847350855620516,1.661166680938387
3118,0.847350855620516,1.755119538458526
3119,0.847350855620516,1.9224573896913644
3120,0.847350855620516,1.9241482440542486
3121,0.847350855620516,1.9224573896913646
3122,0.847350855620516,1.461427182662148
3123,0.847350855620516,1.2827654601715957
3124,0.847350855620516,1.3239071600439345
3125,0.847350855620516,1.3729253052145045
3126,0.847350855620516,1.3323730336810913
3127,0.847350855620516,1.3899342841693916
3128,0.847350855620516,1.378548548989154
3129,0.847350855620516,1.4782138535640943
3130,0.847350855620516,1.5801780348676384
3131,0.847350855620516,1.5727940729464303
3132,0.847350855620516,1.5582311520040824
3133,0.847350855620516,1.711190111521502
3134,0.847350855620516,2.2635866943657
3135,0.847350855620516,2.1480181063673287
3136,0.847350855620516,2.051342277819785
3137,0.847350855620516,2.0408176091173895
3138,0.847350855620516,2.1888509820099675
3139,0.847350855620516,2.1385695301715493
3140,0.847350855620516,1.9412213332808257
3141,0.847350855620516,1.7315049401175688
3142,0.847350855620516,1.7301355889839694
3143,0.847350855620516,1.6086444633122317
3144,0.847350855620516,1.412823106215682
3145,0.847350855620516,1.472245344559276
3146,0.847350855620516,1.485238696169982
3147,0.847350855620516,1.412823106215682
3148,0.847350855620516,1.4767172416031542
3149,0.847350855620516,1.459477361490552
3150,0.847350855620516,1.4989766984875337
3151,0.847350855620516,1.4055615743329666
3152,0.847350855620516,1.34631171167357
3153,0.9075779830095225,1.4420034625303002
3154,0.9034064135447901,1.4353754727322414
3155,0.9320859411825677,1.480942882840927
3156,0.9401684005333885,1.4937846822100527
3157,0.9159211219389872,1.4552594421264173
3158,0.9430362737307171,1.4983412968019276
3159,0.9057529275848308,1.439103726870133
3160,0.9200926914037195,1.4618874319244757
3161,0.921135608634418,1.463544468879926
3162,0.9208748295977128,1.4631301306291926
3163,1.0316822491788573,1.6391862775403518
3164,1.0374181944896375,1.6482998227715857
3165,1.0426326811850681,1.6565848495250943
3166,1.1028597091160133,1.7522764423580828
3167,1.0637512080873741,1.6901389787423795
3168,1.0736587228628864,1.705880513771672
3169,1.0879984866817751,1.7286642188260146
3170,1.0050884565444151,1.5969327833188245
3171,1.0097814846244966,1.604389291594608
3172,1.0355931390649455,1.6454000871114187
3173,1.0679227775521063,1.696766968540438
3174,1.0614046940473332,1.6864107246044875
3175,1.082262541370995,1.7195506735947808
3176,1.099991736460623,1.7477196697424657
3177,1.1231961972823872,1.7845880308943924
3178,1.1114636270821832,1.7659467602049332
3179,1.0509758201145327,1.6698408291212115
3180,1.0702692915921472,1.7004952226783299
3181,1.069487153398154,1.6992525239736131
3182,1.087477028066426,1.7278357003482898
3183,1.0728765846688935,1.7046378150669552
3184,1.0723551260535442,1.7038092965892302
3185,1.1247604736703738,1.7870734283038263
3186,1.1237175564396755,1.7854163913483763
3187,1.1231961972823876,1.7845880308943929
3188,1.1286713635564625,1.7932872378748932
3189,1.104163305925356,1.7543476595405245
3190,1.12736776674712,1.7912160206924512
3191,1.1138101411222243,1.769675014342825
3192,1.1185031692023057,1.7771315226186086
3193,1.1417075305660085,1.813999725746794
3194,1.1307570985597977,1.7966011537620514
3195,1.1247604736703736,1.7870734283038259
3196,1.1284105845197567,1.7928728996241594
3197,1.155525835769548,1.8359549123234116
3198,1.1547436975755547,1.8347122136186949
3199,1.129192822171811,1.7941157563526178
3200,1.1299749603658042,1.7953584550573345
3201,1.131800015790496,1.7982581907175015
3202,1.1268463081317703,1.790387502214726
3203,1.14066461333531,1.8123426887913439
3204,1.1195459869749427,1.778788401550317
3205,1.128932043135106,1.7937014181018847
3206,1.1278891259044077,1.7920443811464346
3207,1.158393808424938,1.8405116849390286
3208,1.1776872799025526,1.871166078496147
3209,1.1756015448992172,1.8678521626089886
3210,1.1576116702309451,1.8392689862343121
3211,1.1729943512805323,1.863709728244105
3212,1.1602188638496298,1.8434114205991956
3213,1.184466142444031,1.881936660682831
3214,1.1722121136284778,1.8624668715156465
3215,1.1680405441637454,1.8558388817175877
3216,1.1829017665979833,1.8794511052496554
3217,1.1852482806380242,1.8831793593875474
3218,1.1829017665979835,1.8794511052496556
3219,1.1706478372404916,1.859981474106213
3220,1.1563079739635416,1.8371976110281285
3221,1.1766444621299157,1.8695091995644386
3222,1.195677254028886,1.8997494128945651
3223,1.189941308718106,1.8906358676633312
3224,1.1756015448992174,1.8678521626089883
3225,1.174558627668519,1.8661951256535383
3226,1.1758622244778614,1.86826634283598
3227,1.1583938084249386,1.8405116849390286
3228,1.1490077522647753,1.8255986683874612
3229,1.1122457652761768,1.76718945890965
3230,1.0371574154529324,1.6478854845208522
3231,1.0634905285087304,1.6897247985153878
3232,1.04445773660976,1.6594845851852613
3233,1.04445773660976,1.6690673287803988
3234,1.04445773660976,1.678337635372402
3235,1.04445773660976,1.6402407294281722
3236,1.04445773660976,1.5745843874793166
3237,1.04445773660976,1.5353107605733485
3238,1.04445773660976,1.5406477963067178
3239,1.04445773660976,1.6042219344725004
3240,1.04445773660976,1.5934552448787405
3241,1.04445773660976,1.5915478581020843
3242,1.04445773660976,1.5850967319569853
3243,1.04445773660976,1.585852997739991
3244,1.04445773660976,1.5667912864324796
3245,1.04445773660976,1.6202524187015368
3246,1.04445773660976,1.623417668447069
3247,1.04445773660976,1.6230213927587238
3248,1.04445773660976,1.6928687035024972
3249,1.04445773660976,1.6100497284435047
3250,1.04445773660976,1.5587093173053974
3251,1.04445773660976,1.5832091475140007
3252,1.04445773660976,1.5338937362118887
3253,1.04445773660976,1.5514342387112638
3254,1.04445773660976,1.5934552448787411
3255,1.04445773660976,1.5660530875541387
3256,1.04445773660976,1.53460192127886
3257,1.04445773660976,1.5402908942656768
3258,1.04445773660976,1.5485430768436763
3259,1.04445773660976,1.5598065797168008
3260,1.04445773660976,1.540290894265677
3261,1.04445773660976,1.5930734601180934
3262,1.04445773660976,1.565684319239371
3263,1.04445773660976,1.5915478581020852
3264,1.04445773660976,1.643078503849733
3265,1.0635605664582033,1.6731299343542911
3266,1.009866200324585,1.5886611658444665
3267,1.009866200324585,1.650688461944532
3268,1.009866200324585,1.6590609885178333
3269,1.009866200324585,1.6590609885178333
3270,1.009866200324585,1.5650572788671635
3271,1.009866200324585,1.5073592966523566
3272,1.009866200324585,1.518407589728344
3273,1.009866200324585,1.5753719115094793
3274,1.009866200324585,1.46576464326375
3275,1.009866200324585,1.4250956716613845
3276,1.009866200324585,1.418913794372321
3277,1.009866200324585,1.4277147910355674
3278,1.009866200324585,1.4527448547062303
3279,1.009866200324585,1.4182661694154
3280,1.009866200324585,1.420535385393425
3281,1.009866200324585,1.401633353565405
3282,1.009866200324585,1.4060728967921687
3283,1.027230376885037,1.430249662019996
3284,1.0523628454955074,1.4652424986267705
3285,1.093488600218155,1.5225033605677398
3286,1.1106243386156642,1.54636206315578
3287,1.1007998416285425,1.5326830639638394
3288,1.0873197239362271,1.513914213073849
3289,1.0877766874189854,1.5145504597050599
3290,1.1023991702397604,1.5349098664972591
3291,1.1129090688725833,1.5495431749601978
3292,1.1252468214364395,1.5667214699479797
3293,1.1147369228036166,1.5520881614850413
3294,1.115879287932076,1.5536787173872502
3295,1.1163362514148343,1.554314964018461
3296,1.1480944726331184,1.5985330733987007
3297,1.1416971581882476,1.5896258632650226
3298,1.149008399598635,1.5998055666611222
3299,1.159746736394401,1.6147569377638478
3300,1.1670580649616609,1.624936762511584
3301,1.176654036628967,1.6382975777121007
3302,1.194018213189419,1.662474342939928
3303,1.1631739189366515,1.6195287268221101
3304,1.1442104137649816,1.5931251590608633
3305,1.1697997587013378,1.628754120947212
3306,1.1718560507953137,1.6316171701118423
3307,1.162031553808192,1.6179381709199017
3308,1.1672865031246036,1.625254825151371
3309,1.1729984159237734,1.6332077260140512
3310,1.1672865031246038,1.6252548251513712
3311,1.2246340692792441,1.7051018964179592
3312,1.240627442548294,1.7273700431037906
3313,1.2424552964793272,1.7299150296286339
3314,1.2792400288510801,1.7811317306005556
3315,1.2717002621208773,1.7706338432130322
3316,1.2927201465433957,1.7999005814905462
3317,1.2808393574622978,1.7833585331339752
3318,1.2890644386813292,1.7948106084408597
3319,1.2589055460742629,1.7528193015940399
3320,1.2771837367571042,1.7782686814359256
3321,1.2812963209450563,1.7839947797651863
3322,1.2817531972709422,1.7846309050447604
3323,1.2659883493217077,1.7626809423503524
3324,1.276726773274346,1.7776324348047148
3325,1.2774121749200469,1.7785867440757124
3326,1.275127444663128,1.775405632271295
3327,1.2687300430613846,1.7664983007859802
3328,1.2767267732743457,1.7776324348047143
3329,1.2767267732743457,1.7776324348047143
3330,1.3128260168435246,1.8278947051540013
3331,1.3356736680402037,1.8597063086047219
3332,1.344355799898866,1.8717947518944538
3333,1.3557796254972057,1.8877005536198141
3334,1.3836537878473532,1.9265107486622166
3335,1.3957630150913938,1.9433708596585748
3336,1.404445146950056,1.955459302948307
3337,1.3969053802198532,1.9449614155607835
3338,1.4263788711812186,1.9859984131366057
3339,1.4473986684468645,2.015265030062483
3340,1.470017794323728,2.04675844952178
3341,1.460650347976237,2.0337158183126864
3342,1.4373457332967996,2.001267968230755
3343,1.4905807152634878,2.0753889411680824
3344,1.4935510214798529,2.079524604946771
3345,1.531706557143008,2.1326499244606887
3346,1.5280508492809417,2.127559951411002
3347,1.5109151108834324,2.103701248822962
3348,1.5068025266954805,2.0979751504937014
3349,1.4325477474631463,1.9945875606304968
3350,1.4638490051986721,2.038169423379525
3351,1.5248521920585063,2.123106346344163
3352,1.5847131009467534,2.206452834758229
3353,1.5591236688535248,2.1708237515202438
3354,1.5426733321017168,2.1479193582032012
3355,1.5513555511172517,2.16000792284457
3356,1.5908818900718091,2.215041860900483
3357,1.5815144437243183,2.20199922969139
3358,1.5737461516742999,2.191183158312443
3359,1.5625508513957758,2.1755955405785063
3360,1.5536402813741705,2.1631890346489873
3361,1.4457993398356466,2.013038227529063
3362,1.4743589038314953,2.0528027318424633
3363,1.4764152830823438,2.0556659023587303
3364,1.3889087371637645,1.9338274028936855
3365,1.4716172972486905,2.0489854947584716
3366,1.415412009065637,1.9707288580424556
3367,1.4752728307970118,2.0540752251048846
3368,1.4846404514582476,2.067118099017251
3369,1.4654483338098898,2.040396225912944
3370,1.4517397779546315,2.0213093123831665
3371,1.4531105812460339,2.0232179309251626
3372,1.4199815567363474,1.9770912030029273
3373,1.433461674428663,1.9958600538929179
3374,1.4430576460959692,2.0092208690934346
3375,1.4430576460959692,2.0079491812249195
3376,1.4430576460959692,2.0159235623086724
3377,1.4430576460959692,2.0054107495791675
3378,1.4430576460959692,1.9931269582987754
3379,1.4430576460959692,1.9060136121259148
3380,1.4430576460959692,1.8957631484468265
3381,1.4430576460959692,1.90059002793939
3382,1.4430576460959692,1.8926530053607746
3383,1.4430576460959692,1.9062999904929419
3384,1.4430576460959692,1.9427800119143903
3385,1.4430576460959692,1.9404034682651048
3386,1.4430576460959692,1.9195641901943665
3387,1.4430576460959692,1.9330142701570887
3388,1.4430576460959692,1.910605138268309
3389,1.4430576460959692,1.8864634475708504
3390,1.4707303943867096,1.9226391528765543
3391,1.442628683555264,1.885902678459785
3392,1.4434867723003675,1.8870244306342663
3393,1.479311118174052,1.9338564606690156
3394,1.4606480562113588,1.9094588322668382
3395,1.4647239368346776,1.9147871016075364
3396,1.4655820255797813,1.915908853782018
3397,1.4705159949482038,1.9223588752971974
3398,1.487033753216291,1.9439520162869963
3399,1.4383384034934394,1.88029413153973
3400,1.4739481862649246,1.9268456700427714
3401,1.4900369819923067,1.947878041921505
3402,1.4739481862649246,1.9268456700427712
3403,1.4299722428082964,1.8693573152789762
3404,1.3967219995062292,1.8258903278153198
3405,1.4252528365420734,1.863187785295505
3406,1.4685852543557973,1.9198348794165265
3407,1.472661134979116,1.9251631487572245
3408,1.4773805412453391,1.931332678740696
3409,1.4900369819923067,1.9478780419215047
3410,1.493683736411227,1.952645328198787
3411,1.493683736411227,1.952645328198787
3412,1.5305807341322144,2.000879601939726
3413,1.5297226453871107,1.9997578497652446
3414,1.5421646866955727,2.016022935366696
3415,1.5335839629082302,2.0048056275742345
3416,1.5492437960949075,2.025277230341903
3417,1.5492437960949075,2.025277230341903
3418,1.5556792161876443,2.0336900507219857
3419,1.559326134270258,2.0384575509516187
3420,1.5629728886891783,2.043224837228901
3421,1.5872132819995044,2.07491353383668
3422,1.595794005786847,2.0861308416291418
3423,1.5676922949554013,2.0493943672123724
3424,1.576916544385648,2.061452935647607
3425,1.6067344327073008,2.1004329144133385
3426,1.6048036921148943,2.097908918532668
3427,1.6129554533615318,2.1085654572140644
3428,1.6208924878422766,2.118941290411402
3429,1.6341926178958421,2.1363281281873348
3430,1.602015026441078,2.0942633844298673
3431,1.6037312039312852,2.09650688877883
3432,1.6116682384120298,2.1068827219761674
3433,1.6268989453943083,2.12679334168042
3434,1.633978054793643,2.1360476366556274
3435,1.598797234562863,2.0900568672636513
3436,1.5752003668954413,2.0592094312986453
3437,1.5900021113370146,2.0785592818918324
3438,1.6206780884037713,2.1186610128320456
3439,1.612311927718628,2.1077241965712923
3440,1.6408426010907786,2.1450214400991268
3441,1.6037312039312857,2.0965068887788307
3442,1.5760584556405453,2.0603311834731266
3443,1.5786325582121623,2.0636962260442195
3444,1.4720176093362125,1.9243218881144524
3445,1.487677278859196,1.94479327692977
3446,1.5494583591971072,2.0255577218736116
3447,1.58292300193768,2.0693049869166256
3448,1.5895729851326161,2.0779982988284167
3449,1.5981537089199587,2.0892156066208782
3450,1.5977247463792537,2.088654837509813
3451,1.6033020777268867,2.095945905715415
3452,1.6314039522220258,2.132682594084535
3453,1.6374104097740574,2.1405346453535525
3454,1.5636164143320828,2.044066097871675
3455,1.5533196767182267,2.030605499682602
3456,1.5533196767182267,2.089175297050412
3457,1.5533196767182267,2.062507361201217
3458,1.5533196767182267,2.0797193495773185
3459,1.5533196767182267,2.129724068923755
3460,1.5533196767182267,2.081780509501594
3461,1.5533196767182267,2.058176744729438
3462,1.5533196767182267,2.0619289959658245
3463,1.5533196767182267,2.082960182693648
3464,1.5533196767182267,2.1153236534239355
3465,1.5533196767182267,2.130032656358889
3466,1.5533196767182267,2.1550072465792227
3467,1.5533196767182267,2.212733761039039
3468,1.5533196767182267,2.255847667687734
3469,1.5533196767182267,2.1387076606300592
3470,1.5533196767182267,2.069474248455769
3471,1.5533196767182267,2.0351024452362156
3472,1.5533196767182267,2.0688919698845125
3473,1.5533196767182267,2.022505609910782
3474,1.5533196767182267,2.0029443445486352
3475,1.5533196767182267,2.0144698721974037
3476,1.5533196767182267,2.0538644948986313
3477,1.5533196767182267,2.0133664812548178
3478,1.5533196767182267,2.0250124009412906
3479,1.5533196767182267,2.0509993954665062
3480,1.5533196767182267,2.025291387860413
3481,1.5533196767182267,2.0578888446255412
3482,1.5533196767182267,2.016403666490153
3483,1.5533196767182267,2.0002196625681723
3484,1.5552213646302882,2.0026684782310307
3485,1.5945245269593096,2.053279411234668
3486,1.5989619599687617,2.058993522045127
3487,1.5919887818619194,2.050014116087067
3488,1.5619831903420207,2.0113757243608434
3489,1.5712807611511437,2.023348265638257
3490,1.6099500275094782,2.073142926754275
3491,1.6323485449518473,2.101985640634819
3492,1.6500982769896548,2.124842083876656
3493,1.6805265732997725,2.1640247952593743
3494,1.6712290024906495,2.1520522539819607
3495,1.6617202405010585,2.1398077604734227
3496,1.659184495403668,2.136542465325822
3497,1.6752438919245238,2.1572222527330482
3498,1.7170827993509357,2.2110984808842864
3499,1.7445526457734442,2.2464715774629096
3500,1.713279262312171,2.206200641961447
3501,1.731662890320666,2.229873357090904
3502,1.7409604611297889,2.2418458983683176
3503,1.767585220401142,2.2761307708281966
3504,1.7627250826014709,2.269872340361242
3505,1.7576537536213317,2.2633419576631635
3506,1.7749809420835616,2.2856542888456284
3507,1.7931533789115885,2.3090550517439605
3508,1.781954120190404,2.2946336948036885
3509,1.79780216431615,2.315041322382667
3510,1.8134388560467862,2.3351767901333984
3511,1.7878706975363396,2.302252509217634
3512,1.8073109263057408,2.327285815891205
3513,1.8170310406904413,2.339802469227991
3514,1.8256947155288772,2.350958738617785
3515,1.7872368015656523,2.3014362373300146
3516,1.781742767795294,2.2943615349754407
3517,1.7830105597366683,2.2959940787506796
3518,1.7899837378435104,2.3049734847087398
3519,1.79019509023862,2.305245644536987
3520,1.7325081386864618,2.2309617888067703
3521,1.701868651195876,2.1915071251929272
3522,1.7483561828122078,2.251369416385749
3523,1.7629364349965795,2.2701445001894887
3524,1.7914628821799943,2.306878188312226
3525,1.7462431425050369,2.248648440894643
3526,1.751103280304708,2.2549068713615976
3527,1.7363116757252266,2.23585962772961
3528,1.7337760918424778,2.2325945401791323
3529,1.7418057094955848,2.2429343300841835
3530,1.6963746174255177,2.184432422838353
3531,1.7166600945607158,2.2105541612277912
3532,1.6670029218763063,2.1466103029997488
3533,1.684118757943427,2.1686504743539667
3534,1.684118757943427,2.099883869693655
3535,1.684118757943427,2.1014156375418254
3536,1.684118757943427,2.1006494743811923
3537,1.684118757943427,2.3768073884273777
3538,1.684118757943427,2.3535053164753883
3539,1.684118757943427,2.4492197383485568
3540,1.684118757943427,2.5096766269026047
3541,1.684118757943427,2.4808589167561856
3542,1.684118757943427,2.4734035916030477
3543,1.684118757943427,2.3650989580896216
3544,1.684118757943427,2.291111222087511
3545,1.684118757943427,2.279628552934615
3546,1.684118757943427,2.3225133087941945
3547,1.684118757943427,2.2999525306502466
3548,1.684118757943427,2.323449893882731
3549,1.684118757943427,2.345202759088276
3550,1.684118757943427,2.339488936294171
3551,1.684118757943427,2.303938202105874
3552,1.684118757943427,2.350944560388736
3553,1.684118757943427,2.4166868610245027
3554,1.684118757943427,2.3363264172063056
3555,1.684118757943427,2.295675841228066
3556,1.684118757943427,2.249075336625006
3557,1.684118757943427,2.1990005030944477
3558,1.684118757943427,2.189529146722637
3559,1.684118757943427,2.181514942125638
3560,1.684118757943427,2.1790397989511505
3561,1.684118757943427,2.182341450098392
3562,1.684118757943427,2.1884202183012627
3563,1.684118757943427,2.1605179523476887
3564,1.684118757943427,2.1391266046994897
3565,1.684118757943427,2.1080795303227076
3566,1.684118757943427,2.114268332572661
3567,1.6659900743786575,2.091509307182416
3568,1.7247024400101865,2.165217705001555
3569,1.7442731761633812,2.1897871051692506
3570,1.7401530708170068,2.1846146621811204
3571,1.7729083326849329,2.225736116690095
3572,1.8027796465479522,2.26323701896022
3573,1.8219384350352874,2.2872892537555236
3574,1.8207022776938198,2.285737363006243
3575,1.8106079095748415,2.273064739564088
3576,1.7772344904502095,2.2311672410224475
3577,1.8169941200133053,2.2810820853905054
3578,1.8532516443147884,2.3266003334870473
3579,1.840479066265917,2.310565444518161
3580,1.8546936969032137,2.328410708264498
3581,1.8790026956594892,2.35892859545299
3582,1.8806508006668168,2.360997651574663
3583,1.8431572761958102,2.3139277100448923
3584,1.876942642986302,2.3563423739589253
3585,1.9214403779805338,2.4122055080317275
3586,1.9094920096072703,2.3972053444397297
3587,1.8701443277100342,2.347807665444064
3588,1.8860070633546586,2.3677219853120737
3589,1.8831229581778077,2.3641012357571722
3590,1.9455434814898511,2.442464911192049
3591,1.9875692161450358,2.495224658398394
3592,1.9216464303994354,2.412464189375949
3593,1.953165692097838,2.452033950451695
3594,1.9152602199609718,2.404446843549532
3595,1.9270026930872777,2.41918852311336
3596,1.994985374334121,2.5045350163138176
3597,1.994985374334121,2.5045350163138176
3598,2.0411313715076247,2.562467403824345
3599,2.017440372836111,2.532725363352467
3600,2.080478896232916,2.6118648855039583
3601,2.077594791056065,2.608244135949057
3602,2.3264529889725196,2.920664506943781
3603,2.27556888636788,2.85678382972851
3604,2.4331653520318373,3.0546328324232905
3605,2.5382296100838273,3.186532101781127
3606,2.636495710031494,3.3098968599401535
3607,2.289577464586275,2.8743704121306246
3608,2.2522899925341706,2.827559151945076
3609,2.321096726284678,2.9139401732063703
3610,2.202229942433195,2.764713002790641
3611,2.058230107321773,2.5839334171255834
3612,2.0192943730903967,2.53505290350231
3613,2.196873679745353,2.7579886690532307
3614,2.2234487835937173,2.79135145908001
3615,2.381869301761338,2.990234989835627
3616,2.378985196584487,2.9866142402807254
3617,2.505062243378098,3.1448932845837083
3618,2.452118088100271,3.078426385874372
3619,2.485491507224903,3.1203238844160124
3620,2.317182673357206,2.9090264115624627
3621,2.2708307809367447,2.8508355400237657
3622,2.3371653571762607,2.9341129771025507
3623,2.223036835927858,2.790834293707618
3624,2.2180925209058757,2.7846271253425994
3625,2.2152084157290246,2.781006375787698
3626,2.196873679745353,2.7579886690532307
3627,2.082127001240244,2.6139339416256315
3628,2.0720326331212657,2.6012613181834765
3629,2.1173544206191615,2.6581589803171153
3630,2.0287708982965578,2.5469498775439035
3631,2.155671997593832,2.706263449907723
3632,2.240959467073725,2.8133346377536417
3633,2.3011138852936797,2.8888534103502317
3634,2.3311912515756013,2.926612993964579
3635,2.209440205375323,2.7737648766778964
3636,2.209440205375323,2.7854520086440027
3637,2.209440205375323,2.7461116772401346
3638,2.209440205375323,2.789369702460985
3639,2.209440205375323,2.907410906088505
3640,2.209440205375323,2.833472607645061
