,BaH_Perf,knn_Perf_OL,knn_Perf_LS
2912,0.9783766318187481,1.0,1.0221012721257
2913,0.9951588987276381,1.0,1.004864651543137
2914,1.021300623992617,1.0,0.9791436297088065
2915,1.0051637839038368,1.0,0.9948627437771567
2916,1.0051637839038368,1.0,0.9948627437771567
2917,0.9677263198224395,0.9627548617639223,0.9578089433592529
2918,0.9893496880036914,0.9842671451624262,0.9792107126460002
2919,1.0006454268201097,0.9842671451624262,0.9681569385919501
2920,0.9833790128496877,0.9842671451624262,0.9851560795860443
2921,1.0027432332676558,0.9842671451624262,0.9661314890046253
2922,0.9975794493638189,0.9842671451624262,0.9711324884088267
2923,1.040019294476156,0.9842671451624262,0.9315036924715473
2924,1.0521219245427411,0.9957209914591862,0.9423435342470978
2925,1.0466354580074293,0.9905286370649722,0.9374295255710965
2926,1.0497014970208798,0.993430315411474,0.940175654106846
2927,1.072938463030986,1.0154216210713594,0.9609880753332736
2928,1.0739067571540502,1.016338008004994,0.9618553376579471
2929,1.0739067571540502,1.016338008004994,0.9618553376579471
2930,1.0730998659038833,1.0155743716460568,0.9611326374321479
2931,1.0069388461627484,0.9529600351933452,0.9018748577795196
2932,1.0298531295413795,0.9746459562183855,0.9223982650767711
2933,1.0364692930726527,0.9809074481209314,0.9283240981763203
2934,1.0345328279408441,0.979074790768212,0.9265896837955461
2935,1.0353397191910108,0.9798384271271492,0.9273123840213451
2936,1.0813296888211705,0.9798384271271492,0.8878729153563304
2937,1.0734225485353581,0.9726734338962961,0.8813804128658557
2938,1.076649990421706,0.975597955080035,0.8840304448277994
2939,1.0727771832724082,0.9720886412186246,0.88085050756185
2940,1.0384056350901418,0.9720886412186246,0.9100069322180083
2941,1.027271237589461,0.9616653336291148,0.9002493013180076
2942,0.9993545116227305,0.9355314883424258,0.8757844743794
2943,1.0080684200443901,0.9355314883424258,0.8682140500360629
2944,1.020816476931085,0.9473622414892792,0.879193505278992
2945,1.0300145324142769,0.9558984384030439,0.8871154685552215
2946,1.0195255617337058,0.9558984384030439,0.8962421922875168
2947,1.0229142833786313,0.9558984384030439,0.8932731113337649
2948,1.0240438572602732,0.9558984384030439,0.8922877844177526
2949,1.028078067282468,0.9558984384030439,0.8887864196506826
2950,1.0443763102441455,0.9558984384030439,0.874916268761182
2951,1.051637839038369,0.9558984384030439,0.8688749972870087
2952,1.0519606447841634,0.9561918564380917,0.8691417030207601
2953,0.998709023245461,0.9077881760248593,0.825144615047701
2954,0.9651444278705212,0.8772792468921141,0.7974131692659405
2955,0.9511053326721275,0.8645182481161404,0.7858139110901691
2956,0.9073745108052516,0.8645182481161404,0.8236861322702644
2957,0.9259319015302128,0.8821991535505598,0.8405319497461227
2958,0.9444892306980142,0.8821991535505598,0.8240171737587192
2959,0.9451347190752838,0.8828020712774598,0.8245803284152723
2960,0.9891882851307946,0.9239502574312959,0.8630147475861794
2961,0.9598192410937874,0.8965181333287385,0.8373918014722413
2962,0.9396481909828122,0.8776773855936085,0.8197936212453397
2963,0.9462642929569257,0.8838571485508352,0.8255658222115481
2964,0.9640148539888799,0.8838571485508352,0.8103645455378272
2965,0.9686944908311848,0.8881476742191676,0.8142983145739631
2966,0.9730514450420146,0.8921423482734276,0.8179608320179411
2967,0.9669194285722733,0.8921423482734276,0.8231481818066856
2968,0.9575600933305038,0.8835068207681012,0.81518048609231
2969,0.9472325255228301,0.8739779393291423,0.8063885243091814
2970,0.9603033265981599,0.8860379050518064,0.8175158280141047
2971,0.9761174840554652,0.8860379050518064,0.8042711886758755
2972,0.985638222170132,0.8946800357291695,0.8121157929224272
2973,0.975149251489561,0.8851590244167291,0.8034734142589487
2974,0.9401322764871848,0.8851590244167291,0.8334002757930585
2975,0.9795062057003906,0.8851590244167291,0.7998994737824389
2976,0.9835404157225857,0.8851590244167291,0.7966185079753441
2977,0.9930611538372524,0.8937274239726478,0.8043298293104797
2978,1.0100048236190398,0.8937274239726478,0.7908365283828214
2979,1.0066161019741142,0.8937274239726478,0.7934988391247942
2980,0.9812812679593022,0.8937274239726478,0.8139854845307336
2981,0.974342421796554,0.8937274239726478,0.8197823378027634
2982,0.9717605298446355,0.8937274239726478,0.8219604355493721
2983,1.1137646487573096,0.8937274239726478,0.7171611248857597
2984,1.0416330769764905,0.8937274239726478,0.766823487095171
2985,1.0263030050235575,0.8805741303430146,0.7555378823153285
2986,1.0392125263403096,0.8805741303430146,0.7461522829791544
2987,1.037276061208501,0.8789332714655845,0.7447619053207009
2988,1.045183078379994,0.8789332714655845,0.7391276338750015
2989,1.0182345849791679,0.8562712824267174,0.7200703255661818
2990,1.0067774432898522,0.8466365464317153,0.7119681182084813
2991,1.0124253742552212,0.8466365464317153,0.7079963224757407
2992,0.9990317674340968,0.8466365464317153,0.7174881371338443
2993,0.9807971208977704,0.8466365464317153,0.7308274325863711
2994,0.9803130353933981,0.8466365464317153,0.7311883203370584
2995,0.9309342825611532,0.8466365464317153,0.7699721185278573
2996,0.9312570267497878,0.8466365464317153,0.7697052705798392
2997,0.9419073387460963,0.8563190971217705,0.7785079974762891
2998,0.9415845945574616,0.8563190971217705,0.7787748443782493
2999,0.93980959385571,0.8563190971217705,0.7802457017777857
3000,0.9411005090530893,0.8563190971217705,0.779175432423529
3001,0.9536872246240469,0.8563190971217705,0.7688919146259
3002,0.9764401666869406,0.876749043440745,0.7872360349353726
3003,0.9577214346462419,0.876749043440745,0.8026226179830629
3004,0.9478780139001002,0.876749043440745,0.8109576062550978
3005,0.9588510085278839,0.8868986221866486,0.8203455584243685
3006,0.9667580872565364,0.8942123520232893,0.8271104643977384
3007,0.9588510085278839,0.8868986221866487,0.8203455584243686
3008,0.9514280768607632,0.8868986221866487,0.8267457994638194
3009,0.9633693656116109,0.8980300075197406,0.837122212095578
3010,0.9870904786832492,0.920142264884885,0.8577347324400383
3011,0.9951588987276393,0.920142264884885,0.8507805021991821
3012,1.0008068296930084,0.920142264884885,0.8459792264679035
3013,0.9935452393416253,0.920142264884885,0.8521622912596593
3014,0.99386798353026,0.9204411647808833,0.8524391084758133
3015,0.9780538876301145,0.9057954119329213,0.8388753816691729
3016,0.9719218711603732,0.9001164279276052,0.8336159601572151
3017,0.9715991269717384,0.9001164279276052,0.8338928693260536
3018,1.0025818919519196,0.9001164279276052,0.8081230973040618
3019,1.015975437215884,0.9121411315623528,0.8189188571013236
3020,0.9962885341664408,0.9121411315623528,0.8351008923172597
3021,1.0051637839038379,0.9202667699298976,0.8425402321481049
3022,1.008713846864501,0.9202667699298976,0.8395749998571882
3023,1.0033887216449267,0.915408567774229,0.8351427795408309
3024,1.0014523180702777,0.915408567774229,0.8367576077602724
3025,1.0064546991012173,0.9199811493863194,0.8409373178762968
3026,1.0050023810309408,0.9186536129867569,0.8397238420349973
3027,1.0214619653083556,0.9186536129867569,0.8261927407143941
3028,1.007584272982859,0.906172686013732,0.814967997114928
3029,0.9828949273453164,0.906172686013732,0.8354391848324706
3030,1.0069388461627493,0.9283397985818433,0.8558759898033411
3031,1.0322736801775614,0.9516970608386752,0.8774100444498196
3032,1.0229142833786322,0.9516970608386752,0.8854381157113217
3033,1.0271098962737246,0.9516970608386752,0.8818212139663748
3034,1.0371146583356037,0.9609672496307645,0.8904107635937886
3035,1.0337259366906781,0.9609672496307645,0.8933296748064882
3036,1.0074229316671215,0.9609672496307645,0.9166537963700535
3037,1.006938846162749,0.9605054869478832,0.9162133271277897
3038,0.9814426092750397,0.9361849678612556,0.8930143095140121
3039,1.0166209255931533,0.9361849678612556,0.8621131751129504
3040,1.022914283378632,0.9361849678612556,0.856809126913877
3041,1.0390511234674122,0.9361849678612556,0.843502571004022
3042,1.0367919757041286,0.9341494759317482,0.8416685929604311
3043,1.0382442322172456,0.9354579589181499,0.8428475360123221
3044,1.0282394701553663,0.9264436692091857,0.8347256618033643
3045,1.035985084453962,0.9264436692091857,0.8284847775295558
3046,1.0524447302885367,0.9411629300457492,0.8416476755501006
3047,1.0543810723060256,0.9428945300759485,0.8431961822898728
3048,1.0666451052455082,0.9428945300759485,0.833501312174973
3049,1.0677746791271499,0.9438930524795848,0.8343839874977368
3050,1.0737453542811535,0.9491710188021083,0.839049612034857
3051,1.0672905936227775,0.9434651298538519,0.8340057118171801
3052,1.0713248036449725,0.9470312968426646,0.8371581374276788
3053,1.0843956047203023,0.9585856430605686,0.8473719656202882
3054,1.0960141492825153,0.9688562214012743,0.8564509667712276
3055,1.0998870795461324,0.9688562214012743,0.8534352254917853
3056,1.1044053750726996,0.9728362469988571,0.8569411058982954
3057,1.1034370809496357,0.9719833069082578,0.8561897775768458
3058,1.069065655881689,0.9719833069082578,0.8837170511563662
3059,1.1069872054674585,1.0064611829551344,0.9150639752585888
3060,1.1119897096127178,1.0110094073744487,0.9191991733049615
3061,1.1016620186907247,1.0110094073744487,0.9278163397285871
3062,1.0559948548063596,0.9691000635721865,0.8893555957598217
3063,1.0548652809247179,0.9691000635721865,0.8903079380831765
3064,1.0485719231392392,0.9691000635721865,0.8956514212243566
3065,1.0359850844539622,0.9574671885152649,0.8849002083524351
3066,1.0406647828534268,0.9617922099242328,0.88889743394077
3067,1.032757765681934,0.9544844700596946,0.8821435518168896
3068,1.0427626508581327,0.9637310793254275,0.89068935533261
3069,1.0464740551345333,0.9671611941709919,0.8938594998325166
3070,1.0422784422394409,0.9632835691520181,0.8902757622085428
3071,1.020009647238079,0.9632835691520181,0.9097122141058214
3072,1.001129573881643,0.9454534785270078,0.8928737132327459
3073,0.9793448028274938,0.9248802299591907,0.8734446104167871
3074,0.9572373491418696,0.9248802299591907,0.8936168658026197
3075,0.9603033265981603,0.9278425693804072,0.8964790704246688
3076,0.9651444278705222,0.9325200288026202,0.9009984195180982
3077,0.9406164235487171,0.9088211350037856,0.8781006101439718
3078,0.938518617101171,0.9067942398859178,0.8761422293678798
3079,0.9391641054784405,0.9067942398859178,0.875540055985621
3080,0.8707438764168621,0.9067942398859178,0.9443371532786078
3081,0.8920445004094792,0.928976748044303,0.9674380571942572
3082,0.8863966310012701,0.928976748044303,0.9736022997200808
3083,0.8789736993341495,0.928976748044303,0.9818243697857134
3084,0.8596094789161813,0.928976748044303,1.0039416962863872
3085,0.8715507061098692,0.928976748044303,0.9901865632797473
3086,0.9002743233267666,0.9595929500933194,1.0228200516328358
3087,0.9091495730641638,0.9595929500933194,1.0128351342291313
3088,0.9249636689643091,0.9595929500933194,0.9955187006424255
3089,0.9319025151270575,0.9667915764642458,1.002986833010945
3090,0.9540099688126816,0.9897267007432278,1.0267806146545724
3091,0.9570760078261321,0.9929075277537768,1.0300805271562243
3092,0.9440051451936426,0.9929075277537768,1.044343204790359
3093,0.9085040846868943,0.9555674026497317,1.0050687458619927
3094,0.8867193751899048,0.9326541779076643,0.9809685452991599
3095,0.8621913708680998,0.9326541779076643,1.0088755756077867
3096,0.8420203207571246,0.9108346436436593,0.9852728344079599
3097,0.8152331686720359,0.881858304804578,0.9539283969757839
3098,0.8145876802947664,0.881858304804578,0.9546843004934659
3099,0.8368565368532879,0.881858304804578,0.9292800324855929
3100,0.8250766509753374,0.881858304804578,0.9425476637031264
3101,0.8066806631232736,0.881858304804578,0.9640420370829731
3102,0.7305147582059398,0.7985942092772971,0.8730182435430582
3103,0.554461835299634,0.6061342443279194,0.6626222018480927
3104,0.600613207802691,0.6565866389128768,0.7177764471348961
3105,0.5775375215511624,0.6565866389128768,0.7464554220495232
3106,0.53606584744757,0.6565866389128768,0.8042034695020799
3107,0.5462320123823465,0.6690384078456323,0.8194547024448338
3108,0.4849120323564136,0.6690384078456323,0.9230795717678136
3109,0.4636114083637965,0.6396497051300344,0.8825316588238008
3110,0.4014845678662767,0.5539326272325128,0.7642668736769833
3111,0.45941582624728405,0.6338610148276376,0.8745449398211664
3112,0.4353719382084311,0.6338610148276376,0.922842633752783
3113,0.4361787986800181,0.6338610148276376,0.9211355236297699
3114,0.438115202254667,0.6338610148276376,0.9170642425796867
3115,0.4419880401825447,0.6338610148276376,0.9090286378617487
3116,0.4250443704007574,0.6338610148276376,0.9452655160201282
3117,0.4022914283378637,0.6338610148276376,0.9987281801611951
3118,0.36727448411406743,0.5786873913339321,0.9117951596791714
3119,0.3669517399254327,0.5781788670539518,0.9109939153735082
3120,0.36727448411406743,0.5786873913339321,0.9117951596791712
3121,0.4831370008760822,0.7612434372300325,1.1994352940780573
3122,0.5504276252774389,0.7612434372300325,1.0528024832214877
3123,0.5333225526227544,0.7375870586186605,1.0200856242930156
3124,0.5142811071720008,0.7375870586186605,1.057854666358131
3125,0.5299338309778289,0.7600363501642854,1.0900516626861962
3126,0.5079877186079422,0.7600363501642854,1.1371441324487497
3127,0.5121833007244546,0.7663136572759357,1.1465360555430189
3128,0.4776504727836105,0.7146466512685191,1.0692333940192267
3129,0.4468291106763267,0.7146466512685191,1.142986936093478
3130,0.44892688634529293,0.7146466512685191,1.1376459100658254
3131,0.4531224684618054,0.7213255978874158,1.1482781243091142
3132,0.4126189961455375,0.6568481256397313,1.0456364447269624
3133,0.3119251176849785,0.496553553775463,0.7904635368802027
3134,0.32870744615102826,0.496553553775463,0.7501060126692546
3135,0.34419879786253893,0.519955170730626,0.785457070879963
3136,0.34597386012145026,0.5226366234423183,0.7895077393052226
3137,0.322575429681287,0.48729037885955107,0.7361128327836172
3138,0.3301597334427249,0.4987474146819896,0.7534201129197378
3139,0.36372439037482446,0.5494510110746024,0.830014212848891
3140,0.40777795643033526,0.5494510110746024,0.7403451040210376
3141,0.40810070061897,0.549885885294671,0.7409310652681798
3142,0.43892206272625384,0.5914154194577975,0.7968890791224313
3143,0.4997579264692345,0.673387302233879,0.9073402037130791
3144,0.47958687635825925,0.673387302233879,0.9455022252758358
3145,0.4753912942417468,0.673387302233879,0.9538467874828852
3146,0.4997579264692345,0.673387302233879,0.9073402037130791
3147,0.4781345582879826,0.673387302233879,0.9483741573364918
3148,0.48378245847477164,0.673387302233879,0.9373023987670438
3149,0.47103437080949684,0.6556429623737183,0.9126036670560475
3150,0.5023398184211529,0.6556429623737183,0.8557308784743624
3151,0.524447302885357,0.6556429623737183,0.8196585085768913
3152,0.5617234256510168,0.7022440744805455,0.8779173479751154
3153,0.5591415336990984,0.7022440744805455,0.881971219130404
3154,0.5768920331738927,0.7022440744805455,0.8548336808013923
3155,0.581894475761992,0.7022440744805455,0.8474848287522594
3156,0.5668872095548537,0.7022440744805455,0.869920385979919
3157,0.5836694764637437,0.7230334789590365,0.8956737207896135
3158,0.5605938517693749,0.6944480382691997,0.860262873618417
3159,0.5694691015067721,0.7054424502661051,0.8738824447554822
3160,0.5701145898840417,0.7062420632763186,0.8748729830651062
3161,0.5699531870111445,0.7062420632763186,0.8751207350140469
3162,0.6385347573884604,0.7912230597332409,0.9804226363715013
3163,0.6420848819062832,0.795622100429027,0.9858735885693837
3164,0.6453122622354712,0.7996212214000245,0.9908289910659638
3165,0.6825883234439714,0.8458108435982256,1.0480636110779638
3166,0.658383063310801,0.8158175507310765,1.010898234128274
3167,0.6645150797805421,0.8158175507310765,1.0015698609889405
3168,0.6733903295179392,0.8267135931584074,1.0149468074514085
3169,0.6220751731110453,0.8267135931584074,1.098670055734377
3170,0.6249798092515985,0.8305737410703798,1.1038000414473093
3171,0.6409553080246412,0.8518045545862286,1.1320149628684382
3172,0.6609649552627191,0.8783965937497507,1.1673547436482123
3173,0.6569307452405241,0.8783965937497507,1.1745234661359354
3174,0.6698402050001162,0.8783965937497507,1.151887525041931
3175,0.6808132611850596,0.8783965937497507,1.1333218958868538
3176,0.6951751005720881,0.8783965937497507,1.1099082450970958
3177,0.687913510220705,0.8783965937497507,1.1216243967408277
3178,0.6504760461393077,0.8783965937497507,1.1861783081646633
3179,0.6624172733329956,0.8783965937497507,1.164795374415443
3180,0.6619331878286233,0.8777546735051521,1.1639441578499732
3181,0.6730675853293042,0.8777546735051521,1.1446893055816736
3182,0.6640309942761695,0.8659699579693965,1.129320731365791
3183,0.6637082500875348,0.8655490638034975,1.1287718387594294
3184,0.6961432715808327,0.9078479240094204,1.1839342370667625
3185,0.6954977832035631,0.9078479240094204,1.1850330411290242
3186,0.6951751005720881,0.9074267195653902,1.184483234085305
3187,0.6985638222170136,0.9118500893944368,1.190257152009139
3188,0.683395153136978,0.9118500893944368,1.2166761524601906
3189,0.6977569925240065,0.9310130062937108,1.2422451185370669
3190,0.6893658282909816,0.9198167257510632,1.2273059879815829
3191,0.6922704644315347,0.9198167257510632,1.2221564438202037
3192,0.7066322422614035,0.938899156879021,1.247511186252992
3193,0.6998547374143927,0.938899156879021,1.2595922834572013
3194,0.6961432715808324,0.933919991981475,1.2529124205165874
3195,0.6984024193441161,0.936950780824955,1.2569784144117415
3196,0.7151847478101657,0.9594653302090952,1.2871830987614936
3197,0.7147006623057934,0.9588158990520074,1.2863118460096818
3198,0.6988865664056481,0.9588158990520074,1.3154179411445586
3199,0.6993706519100203,0.9594800252498821,1.3163290686266251
3200,0.7005002257916623,0.9594800252498821,1.3142064555555355
3201,0.6974342483353715,0.9594800252498821,1.3199838136007735
3202,0.7059867538841339,0.9712459490763392,1.336170527856694
3203,0.6929158912516444,0.9532639935893639,1.3114322429992105
3204,0.6987251635327509,0.9532639935893639,1.3005288615619572
3205,0.6980796751554814,0.9523833600292092,1.2993274216993975
3206,0.7169598100690773,0.9781413457817815,1.3344687929377959
3207,0.7289010372627652,0.9781413457817815,1.312606847042921
3208,0.7276101220653859,0.9764090152404551,1.310282163662863
3209,0.7164757245647051,0.9764090152404551,1.3306446155200253
3210,0.7259964626793718,0.9893838226319434,1.348326608745622
3211,0.7180893839507192,0.9893838226319434,1.3631734020356625
3212,0.7330966501578575,0.9893838226319434,1.3352677962380715
3213,0.7255123156178397,0.9893838226319434,1.3492263706815082
3214,0.7229304236659212,0.9893838226319434,1.3540450317777089
3215,0.7321284175919531,1.0019719584928408,1.3712728279392112
3216,0.7335807356622298,1.0039595633259053,1.3739930123487247
3217,0.7321284175919532,1.0019719584928408,1.3712728279392112
3218,0.7245441446090952,1.0019719584928408,1.3856268290562552
3219,0.7156688333145383,1.0019719584928408,1.4028105722535211
3220,0.7282556104426555,1.0019719584928408,1.3785651510405088
3221,0.7400354963206058,1.018179338367028,1.4008641075081505
3222,0.7364853718027831,1.0132948923497096,1.3941438325498152
3223,0.7276101220653859,1.0132948923497096,1.4111493335846397
3224,0.7269646336881164,1.0123959630248924,1.4098974536756097
3225,0.7277714633811234,1.0135195818176044,1.4114622438689777
3226,0.7169598100690774,0.9984629013967024,1.3904937926290004
3227,0.711150537787971,0.9984629013967024,1.4018525087057625
3228,0.6883975957250773,0.9984629013967024,1.4481865881816047
3229,0.6419234790333855,0.9984629013967024,1.5530327181157217
3230,0.658221721995063,1.023813572445048,1.5924637490625864
3231,0.6464418361171127,1.023813572445048,1.621482664888653
3232,0.6427303702835524,1.0179354734703758,1.6121731227547582
3233,0.6391802457657296,1.012312901628416,1.603268276189718
3234,0.6540261090999708,1.012312901628416,1.5668753839408265
3235,0.6812974082465917,1.0545238892115927,1.6322102791787703
3236,0.6987251635327512,1.0814988696858132,1.673962619605678
3237,0.69630467445373,1.0814988696858132,1.6797816358899276
3238,0.6687106311184744,1.0386398630296352,1.6132131221988806
3239,0.6732289882022015,1.045657765189665,1.6241133122049183
3240,0.6740358178952085,1.0469109312720277,1.6260597269732338
3241,0.6767790511628644,1.0511717150741497,1.6326775668858924
3242,0.6764563069742296,1.0511717150741497,1.6334565339694926
3243,0.684686129891517,1.0511717150741497,1.6138226354125218
3244,0.6620945291443608,1.0164877180324379,1.5605736574293696
3245,0.6608036139469815,1.0164877180324379,1.5636223215233391
3246,0.6609649552627189,1.0167359029127818,1.5640040943789144
3247,0.6336937176732579,1.0167359029127818,1.6313115744109152
3248,0.666290142039453,1.0690355455246408,1.715224232639921
3249,0.6882362544093397,1.1042471939180483,1.7717198962765583
3250,0.6775859424130312,1.1042471939180483,1.7995678318435433
3251,0.6993706519100206,1.1042471939180483,1.743513059842784
3252,0.691463573181368,1.1042471939180483,1.763450617746496
3253,0.6732289882022013,1.0751270926192003,1.7169466638246484
3254,0.6850088740801517,1.0939392273865507,1.746989095319454
3255,0.6990479077213857,1.1163591553551748,1.7827930675132349
3256,0.6964660157694673,1.1163591553551748,1.789402118017821
3257,0.6927545499359071,1.1163591553551748,1.7989889259632006
3258,0.6877521073478077,1.1082978260100553,1.7859982659674054
3259,0.6964660157694673,1.122340103244245,1.8086270956934223
3260,0.6733903295179389,1.122340103244245,1.8706049851533313
3261,0.6851702153958892,1.1419736467522559,1.9033282249771135
3262,0.6740358178952084,1.1234159391454024,1.8723980815544086
3263,0.6528965352183288,1.1234159391454024,1.933022009228324
3264,0.6648378239691763,1.1439628916761795,1.968376422567675
3265,0.6312731670370768,1.1439628916761795,2.073034568654909
3266,0.6075520539654385,1.1009766307036533,1.9951369326199695
3267,0.6044860149519881,1.0954205021701355,1.9850683835423018
3268,0.6044860149519881,1.0954205021701355,1.9850683835423018
3269,0.6407939051517436,1.1612159156810888,2.1042996695041194
3270,0.6653219094735486,1.1612159156810888,2.02672177727927
3271,0.6604808697583465,1.1612159156810888,2.041576773184093
3272,0.6365983538138109,1.1612159156810888,2.118168221379736
3273,0.6842020443871445,1.2480495727393355,2.276561066709525
3274,0.7037276061208502,1.2836660535422753,2.341528913580552
3275,0.706793583577141,1.2836660535422753,2.331371669614135
3276,0.7024366293663111,1.2836660535422753,2.3458323044789458
3277,0.6903339992997259,1.2836660535422753,2.3869583979469673
3278,0.7071163277657757,1.2836660535422753,2.330307577853882
3279,0.7059867538841339,1.2816154777177668,2.3265850579900675
3280,0.7155074919988006,1.298898982344338,2.3579607274580185
3281,0.713248344235517,1.2947978306953214,2.350515687730389
3282,0.7255123156178396,1.2947978306953214,2.3107828582421988
3283,0.7432628766497937,1.2947978306953214,2.2555968756707214
3284,0.7723091764981661,1.345397809807582,2.3437443471051833
3285,0.7844118065647512,1.345397809807582,2.307582893942096
3286,0.7774729604020029,1.345397809807582,2.3281777744387426
3287,0.7679522222873362,1.345397809807582,2.357041511311328
3288,0.7682749664759709,1.345397809807582,2.3560513430989807
3289,0.7786025342836447,1.345397809807582,2.324800121926675
3290,0.7860254659507653,1.345397809807582,2.302845575678098
3291,0.794739374372425,1.345397809807582,2.2775960585373007
3292,0.7873164427053045,1.345397809807582,2.2990695588870875
3293,0.7881232723983117,1.346776552639536,2.301425609752766
3294,0.7884460165869465,1.3473280708105848,2.3023680660500694
3295,0.8108762144612054,1.3473280708105848,2.2386806987554295
3296,0.806357918934638,1.3473280708105848,2.2512247821569584
3297,0.8115217028384749,1.3473280708105848,2.236900041052241
3298,0.819105975821333,1.3473280708105848,2.216188117262776
3299,0.8242698212823296,1.3473280708105848,2.202304249802679
3300,0.8310472645721806,1.3473280708105848,2.1843437885914634
3301,0.8433112359545032,1.3473280708105848,2.152577664092815
3302,0.8215265264575138,1.3473280708105848,2.209658327433264
3303,0.8081329811935493,1.3253622560491003,2.1736337343455765
3304,0.8262062248569784,1.3550029161302046,2.2222453032706024
3305,0.8276585429272549,1.3573847611964458,2.2261516004073565
3306,0.8207196967645067,1.3460048459861358,2.207488199150662
3307,0.824431162598067,1.3520917609430672,2.2174709217067723
3308,0.8284653726202621,1.3587079860208948,2.228321728689959
3309,0.824431162598067,1.3520917609430674,2.2174709217067727
3310,0.8649346041357551,1.3520917609430674,2.1136304655504174
3311,0.8762304045093331,1.3697496954797868,2.141233879367149
3312,0.8775213812638722,1.3697496954797868,2.1380837758787155
3313,0.9035017036559541,1.3697496954797868,2.076602867127977
3314,0.8981765168792198,1.3697496954797868,2.088914810182312
3315,0.9130224417706208,1.3697496954797868,2.0549486435715982
3316,0.9046312775375959,1.3697496954797868,2.074009903099986
3317,0.9104404882615426,1.3697496954797868,2.0607763521694182
3318,0.8891398642689256,1.3697496954797868,2.110145212991478
3319,0.9020493855856776,1.3896372447878478,2.140782647779034
3320,0.9049540217262309,1.3941119338990753,2.1476760559972226
3321,0.9052767043577059,1.3946090372839999,2.148441860385807
3322,0.894142306857025,1.3774561255782036,2.122017226276162
3323,0.9017266413970428,1.3774561255782036,2.10416914704139
3324,0.902210726901415,1.3781956030569527,2.1052987552131657
3325,0.9005970675154009,1.3781956030569527,2.1090709583651104
3326,0.8960787104316739,1.3712811014552388,2.0984896051178668
3327,0.9017266413970428,1.3712811014552388,2.085345794258638
3328,0.9017266413970428,1.3712811014552388,2.085345794258638
3329,0.9272228167275924,1.3712811014552388,2.028004299813013
3330,0.9433596568163727,1.3951460705346728,2.063298492853838
3331,0.9494916732861138,1.3951460705346728,2.049973278219376
3332,0.957560093330504,1.3951460705346728,2.032700163347889
3333,0.9772470579371069,1.3951460705346728,1.9917507474896923
3334,0.9857995634858693,1.3951460705346728,1.9744709068906336
3335,0.9919315799556105,1.3951460705346728,1.9622649358693056
3336,0.9866063931788763,1.3951460705346728,1.9728562186353455
3337,1.0074229316671213,1.3951460705346728,1.9320907802915557
3338,1.0222687950013625,1.3951460705346728,1.9040320585406705
3339,1.0382442322172454,1.3951460705346728,1.8747347663772596
3340,1.0316281918002916,1.3951460705346728,1.8867578199192292
3341,1.0151686075228767,1.372886573838294,1.8566546785017406
3342,1.0527674129200115,1.372886573838294,1.7903456371218944
3343,1.0548652809247174,1.3756223488841393,1.7939132901318458
3344,1.0818137743255438,1.4107651775100243,1.8397421379809227
3345,1.0792318208164655,1.4107651775100243,1.8441435358801852
3346,1.0671291907498803,1.3949446941579793,1.823463097651856
3347,1.0642245546093272,1.3949446941579793,1.8284399578374855
3348,1.0117798858779512,1.3949446941579793,1.9232154413417755
3349,1.0338873395635753,1.3949446941579793,1.8820916218791173
3350,1.076972673053182,1.3949446941579793,1.8067967260887094
3351,1.119251238406941,1.4497058425997889,1.877725892051983
3352,1.1011779331863523,1.4262964638345088,1.8474049846425251
3353,1.0895593886241393,1.4262964638345088,1.8671048352083834
3354,1.0956914666510402,1.4343237097992934,1.8776129659752245
3355,1.123608131060611,1.4708682434384424,1.9254518810873409
3356,1.1169920906436572,1.4708682434384424,1.9368564985173826
3357,1.1115055009940258,1.4636434380454422,1.927342790312463
3358,1.103598483822533,1.453231385395034,1.9136320776576674
3359,1.0973051260370543,1.4449442182890229,1.9027194391292463
3360,1.0211392211197206,1.3446480642570802,1.7706482909623993
3361,1.0413102712306959,1.3712095388579812,1.8056247512405104
3362,1.0427626508581322,1.3731220493308014,1.8081431673898078
3363,0.9809585237706674,1.3731220493308014,1.9220630808231882
3364,1.0393739292132067,1.3731220493308014,1.8140383449733908
3365,0.9996772558113659,1.3731220493308014,1.8860728814202343
3366,1.0419557596079654,1.3731220493308014,1.8095433946905954
3367,1.0485719231392385,1.3818410375824597,1.8210335514518698
3368,1.035016913445217,1.3639778197652688,1.797492841560298
3369,1.0253348340148127,1.3639778197652688,1.8144662905159181
3370,1.0263030050235573,1.3652657539481898,1.81617959781861
3371,1.0029046361405538,1.3652657539481898,1.8585521611273998
3372,1.0124253742552205,1.3652657539481898,1.8410745387282588
3373,1.0192028175450714,1.3744052040827406,1.8533991787421447
3374,1.0198483059223409,1.3752756516223492,1.854572985964539
3375,1.0158140959001458,1.3698354790154652,1.8472368587352017
3376,1.02113922111972,1.37701646369112,1.8569204884689094
3377,1.0274325789051988,1.37701646369112,1.845546248199467
3378,1.0743908426584226,1.37701646369112,1.7648831933308249
3379,1.080200114939529,1.37701646369112,1.75539172330355
3380,1.0774567585575536,1.373519290480799,1.7509336002017384
3381,1.0819751771984405,1.373519290480799,1.7436215553555785
3382,1.0742294397855254,1.373519290480799,1.7561939483799027
3383,1.0540583896745501,1.373519290480799,1.7898014567346345
3384,1.0553493664290892,1.3752015326538052,1.7919935478925046
3385,1.0668065081184048,1.3901310709774892,1.8114478865576364
3386,1.0593835764512842,1.3804584191238676,1.7988436759738602
3387,1.0718088891493442,1.3804584191238676,1.777989962783776
3388,1.0855251786019433,1.3804584191238676,1.7555239477579734
3389,1.1063417170901881,1.406930735362652,1.7891886959792946
3390,1.0852024959704683,1.3800480647957454,1.755002101652285
3391,1.0858479843477378,1.3808689300160215,1.7560459929655712
3392,1.112796477748564,1.4151392310013808,1.7996274100102476
3393,1.0987573825501702,1.3972857647294474,1.7769232219255675
3394,1.1018234215636207,1.401184835384751,1.7818816558882
3395,1.1024689099408904,1.4020057006050273,1.7829255472014864
3396,1.1061804373316106,1.4067256364806071,1.7889278724774054
3397,1.1186057500296707,1.422526861419834,1.8090222327279146
3398,1.08197517719844,1.375943895258397,1.7497828441877632
3399,1.108762267726369,1.4100089407976795,1.7931032386286407
3400,1.120864897792954,1.4253998114087842,1.8126757527734616
3401,1.1087622677263689,1.4253998114087842,1.8324619095584251
3402,1.0756818194129611,1.38287233174992,1.7777895390693566
3403,1.0506696680296241,1.38287233174992,1.8201114433100167
3404,1.0721316948951385,1.4111202616547134,1.8572908555298508
3405,1.1047280577041738,1.454023002274257,1.9137586634092512
3406,1.1077940967176243,1.454023002274257,1.9084619582347722
3407,1.1113442212354472,1.454023002274257,1.9023654874385958
3408,1.120864897792954,1.454023002274257,1.8862067099305035
3409,1.12360813106061,1.454023002274257,1.8816016302293865
3410,1.12360813106061,1.454023002274257,1.8816016302293865
3411,1.1513635157116033,1.454023002274257,1.836242735063532
3412,1.1507180273343338,1.4532078340537575,1.8352132831770036
3413,1.160077424133263,1.4532078340537575,1.8204069530385196
3414,1.153622663474887,1.4532078340537575,1.8305925115878927
3415,1.165402610909997,1.468046925239674,1.8492851779547763
3416,1.165402610909997,1.468046925239674,1.8492851779547763
3417,1.1702435890680394,1.468046925239674,1.8416351901760781
3418,1.1729869454500148,1.471488410362103,1.8459524636902733
3419,1.1757301787176708,1.471488410362103,1.8416454566060207
3420,1.1939647636968376,1.4943099564534617,1.8702078267721118
3421,1.2004195243552136,1.4943099564534617,1.8601515558948785
3422,1.1792803032354937,1.4943099564534617,1.893495753155163
3423,1.186219149398242,1.503102426639596,1.9046370193197157
3424,1.2086493472725008,1.503102426639596,1.8692906342673536
3425,1.2071969676450645,1.503102426639596,1.8715395793092413
3426,1.2133290456719654,1.503102426639596,1.8620809524250541
3427,1.2192995977116496,1.5104988961226598,1.8712438841690984
3428,1.2293044828878483,1.522893198591753,1.8865982566571333
3429,1.205099222754678,1.4929071157781983,1.8494507458452512
3430,1.2063901995092172,1.4929071157781983,1.8474716200843466
3431,1.2123607515489014,1.4929071157781983,1.8383733170953553
3432,1.223817893238217,1.5070154975718237,1.8557464492632432
3433,1.2291430800149514,1.5135729593023175,1.863821340558091
3434,1.2026786721184974,1.5135729593023175,1.9048338980650432
3435,1.184928172643703,1.5135729593023175,1.9333687526560486
3436,1.1960626317015435,1.5277956071686483,1.9515361114185024
3437,1.2191383179530721,1.5277956071686483,1.9145976981536057
3438,1.2128449601675935,1.5199089184825454,1.9047142844733882
3439,1.2343068639187884,1.5199089184825454,1.8715954581572904
3440,1.2063901995092177,1.4855327123293383,1.8292650589322792
3441,1.1855736610209728,1.4855327123293383,1.8613836591984767
3442,1.1875100030384618,1.4855327123293383,1.8583485054896647
3443,1.1073100112132526,1.4855327123293383,1.9929445386144458
3444,1.119089835534043,1.4855327123293383,1.9719662973682872
3445,1.1655640137828944,1.5472247319287722,2.053859198451503
3446,1.1907374449248094,1.5472247319287722,2.010438473481632
3447,1.195739825955749,1.5472247319287722,2.002027798295182
3448,1.202194586614125,1.5472247319287722,1.9912786147492751
3449,1.20187190398265,1.5472247319287722,1.9918132399628923
3450,1.2060673937634228,1.5472247319287722,1.9848844131521481
3451,1.227206737997462,1.5472247319287722,1.9506936337380203
3452,1.2317250335240293,1.5529212607762877,1.9578756431306708
3453,1.1762142642220432,1.4829349801496219,1.8696390804322118
3454,1.1684686499234478,1.4731695464735293,1.8573271202434047
3455,1.1357107611271955,1.4318694018915015,1.8052571607565302
3456,1.1503953447028588,1.4503832758646968,1.8285988869777234
3457,1.1408745450310323,1.4383797427484863,1.8134651994474278
3458,1.1140874545031032,1.4046073980587424,1.7708860598931082
3459,1.1397449711493903,1.4369556105366075,1.8116696970992652
3460,1.1528158953390397,1.4369556105366075,1.79112851843994
3461,1.1507180273343338,1.434340671575655,1.7878690637201156
3462,1.139099482772121,1.4198584521142108,1.769817346535886
3463,1.1216717890431214,1.4198584521142108,1.7973154390911161
3464,1.1139260516302063,1.4198584521142108,1.809813156887557
3465,1.1010166534277739,1.4034035733342354,1.7888390548095323
3466,1.0722929746537166,1.3667911267328898,1.7421712426298797
3467,1.0517992419112663,1.3667911267328898,1.7761164960730755
3468,1.1094077561036388,1.4416521866052294,1.873396878387674
3469,1.146522537553561,1.4898820692054526,1.9360706025686951
3470,1.1658866964143695,1.4898820692054526,1.903914494407258
3471,1.146845220185036,1.4898820692054526,1.935525859175461
3472,1.1731482252085927,1.4898820692054526,1.892129683565969
3473,1.184605490012228,1.4898820692054526,1.8738293878048797
3474,1.1778279236080575,1.4813579025157315,1.8631085164151966
3475,1.1552363228609013,1.4529443748462885,1.8273727328530767
3476,1.178473411985327,1.4529443748462885,1.791340674238095
3477,1.171695968695476,1.4529443748462885,1.801702329613567
3478,1.156850105361235,1.4529443748462885,1.824823584848336
3479,1.1715345658225789,1.4713873037323089,1.8479869572303318
3480,1.1529771750976179,1.4480801731535917,1.8187143971024313
3481,1.176698349726416,1.4778727513639698,1.8561323466901354
3482,1.1862191493982426,1.4778727513639698,1.8412347080487437
3483,1.1876714059113593,1.479682071614629,1.843488882665885
3484,1.217685938325636,1.5170762239704498,1.8900770690520643
3485,1.2210746599705615,1.5212981246062078,1.8953370009219201
3486,1.2157494731938274,1.5146636435853513,1.8870713117993503
3487,1.192835189815196,1.4861154659240057,1.8515040442432642
3488,1.1999354388508416,1.4861154659240057,1.8405483383119337
3489,1.2294658857607461,1.5226888118287532,1.8858442877687527
3490,1.246570896858271,1.5226888118287532,1.8599673901516285
3491,1.2601257834379729,1.539246132549571,1.8801921901040342
3492,1.2833628725623984,1.5676302827959836,1.9148634856736697
3493,1.276262623526753,1.5676302827959836,1.9255164714831083
3494,1.2690010947325296,1.5676302827959836,1.936534738811217
3495,1.267064629600721,1.5676302827959836,1.9394943605310861
3496,1.2793286625402034,1.5676302827959836,1.9209017787966438
3497,1.3112796600862886,1.6067815601693298,1.9688759466689858
3498,1.3322574783331114,1.6324868102068086,2.000373973380576
3499,1.3083750239457357,1.6032223531353893,1.964514658680591
3500,1.32241399602981,1.6032223531353893,1.9436590366629989
3501,1.3295142450654556,1.6118303064699353,1.9540948481729514
3502,1.3498466980493282,1.6364802596734584,1.98397910234621
3503,1.3461351706586082,1.631980606996656,1.9785239697066184
3504,1.3422623635093103,1.627285427567387,1.9728317911335052
3505,1.3554945674575372,1.627285427567387,1.9535732022445889
3506,1.3693722597830338,1.643945742578389,1.9735740849385985
3507,1.3608197542342713,1.6336783700762663,1.961247996695066
3508,1.3729223843008564,1.6336783700762663,1.9439591395504439
3509,1.3848636114945443,1.6478875670429458,1.9608670565645865
3510,1.3653380497608385,1.6246535603483956,1.933220268500582
3511,1.3801839130950795,1.6246535603483956,1.9124257036394516
3512,1.3876068447622,1.6333913033743712,1.9227111483413293
3513,1.3942230082934732,1.6333913033743712,1.9135870904932244
3514,1.364853964256466,1.5989842244256576,1.8732777402708858
3515,1.3606583513613737,1.5989842244256576,1.8790540236673066
3516,1.3616265223701183,1.6001219752563345,1.8803910570436566
3517,1.3669517091468524,1.60637989418183,1.8877450806525886
3518,1.3671131120197495,1.60637989418183,1.8875222113986578
3519,1.323059484407079,1.60637989418183,1.9503706332508808
3520,1.2996611155240756,1.5779709905964021,1.9158782373509091
3521,1.335162114473664,1.6210741855835467,1.9682115652310062
3522,1.3462965735315047,1.634592981506106,1.9846252807286722
3523,1.368081283028494,1.6610426761335841,2.0167389219954295
3524,1.33354845508765,1.6610426761335841,2.0689632696966114
3525,1.33725998247837,1.6656656842935835,2.074721601024263
3526,1.325964120547632,1.6515957728036144,2.0571963859898195
3527,1.3240277785301429,1.6515957728036144,2.0602049601791323
3528,1.3301597334427242,1.6515957728036144,2.0507075414790505
3529,1.295465502628983,1.6515957728036144,2.1056281245676534
3530,1.3109568543404937,1.6713457784578156,2.1308075104989115
3531,1.273035304754724,1.6229993957352207,2.069170453261231
3532,1.2861061058300538,1.6396634286711516,2.090415516367111
3533,1.3282232683109156,1.6933588203081424,2.1588720531615815
3534,1.327255097302171,1.6933588203081424,2.160446850152536
3535,1.3277391828065435,1.6933588203081424,2.159659164576431
3536,1.173471030954387,1.4966098360089064,1.9087313978402423
3537,1.1850895755165998,1.4966098360089064,1.8900183138158262
3538,1.1387768001406455,1.4381229869196215,1.8161572357736577
3539,1.111344221235447,1.4381229869196215,1.8609875194271082
3540,1.1242536194378796,1.4381229869196215,1.8396184719784963
3541,1.127642341082805,1.4381229869196215,1.834090163305365
3542,1.1792803032354933,1.4381229869196215,1.7537795889851322
3543,1.21736325569416,1.484564845729875,1.8104150678675126
3544,1.2234952106067414,1.4920427161652103,1.8195342716197989
3545,1.2009036098595853,1.464492438036544,1.7859369257096198
3546,1.2126835572946955,1.478857990606749,1.803455603257555
3547,1.200419524355213,1.478857990606749,1.821880527606503
3548,1.1892850652973723,1.4651408830333645,1.8049817237039194
3549,1.1921897014379257,1.4687192523276906,1.8093900992067242
3550,1.2105856892899893,1.4913822073014877,1.8373097484408225
3551,1.1863804291568192,1.4615625137390382,1.8005733482011146
3552,1.1541067489792587,1.4218029223224389,1.7515914812148374
3553,1.193803483938259,1.4218029223224389,1.6933470015146723
3554,1.2149427050579789,1.4469794331703436,1.72333186684556
3555,1.2401161361998938,1.4469794331703436,1.6883495173555831
3556,1.2683556063552592,1.4469794331703436,1.650759037549848
3557,1.2738421960048907,1.4532387048931021,1.6578998089581778
3558,1.2785218944043553,1.4532387048931021,1.6518314959191829
3559,1.279974150917472,1.4532387048931021,1.6499573306895174
3560,1.2780376857856635,1.4532387048931021,1.6524573233543565
3561,1.2744876843821602,1.449202048150211,1.647867297659198
3562,1.2909472071024153,1.449202048150211,1.626857058761307
3563,1.3038567284191673,1.4636941239143841,1.6431256914085919
3564,1.3230594844070787,1.4852509104000782,1.6673250846562244
3565,1.319186677257781,1.4809033429534972,1.6624445569217108
3566,1.3049863023008095,1.4809033429534972,1.6805346594858852
3567,1.3509762719309693,1.533092932719731,1.7397596013997745
3568,1.3663062207695826,1.5504894160716116,1.7595011958563702
3569,1.3630789019975544,1.5504894160716116,1.7636671111459925
3570,1.3887364186438416,1.5504894160716116,1.731082584913918
3571,1.4121349106411645,1.5766132461280837,1.7602491866289993
3572,1.427142176848303,1.5933684828353203,1.7789559886034978
3573,1.426173882725239,1.5922874067079142,1.777748994194042
3574,1.4182668655537463,1.5834594201494079,1.7678927683901902
3575,1.3921251402887673,1.5542728388824003,1.7353066816869978
3576,1.423269246584686,1.5890444532338026,1.7741283178936877
3577,1.4516701196129485,1.5890444532338026,1.7394187840873585
3578,1.4416652344367498,1.5780927865433574,1.7274307401281999
3579,1.4527996934945904,1.5780927865433574,1.7141914705046313
3580,1.471841169723924,1.5780927865433574,1.692014664467698
3581,1.4731321464784632,1.5794769583859725,1.6934987591139818
3582,1.443763102441456,1.5479877749768898,1.659736384331834
3583,1.47022751033791,1.576362637741035,1.6901596169253714
3584,1.505083020910229,1.6137343534783926,1.7302291816576414
3585,1.4957237472256193,1.603699437624165,1.7194698492997236
3586,1.4649023235611758,1.603699437624165,1.7556473526397889
3587,1.4773277593735554,1.6173021632831062,1.7705389144446526
3588,1.4750686116102718,1.6148289649413352,1.7678313845800067
3589,1.5239632173809847,1.6683562551341224,1.826430298513761
3590,1.5568823859358145,1.6683562551341224,1.7878117314379425
3591,1.5052444237831262,1.6130209787265644,1.7285144104854457
3592,1.5299337694206687,1.6394780988029816,1.7568658788886244
3593,1.5002420427521865,1.6394780988029816,1.7916365225465294
3594,1.5094400366782186,1.6394780988029816,1.7807189230052414
3595,1.5626915351026016,1.6973172068654299,1.8435408626772294
3596,1.5626915351026016,1.6973172068654299,1.8435408626772294
3597,1.5988381455437795,1.6973172068654299,1.8018620013232411
3598,1.5802807548188182,1.6776167896094425,1.7809481537995173
3599,1.6296594460939033,1.6776167896094425,1.7269854137471812
3600,1.6274002983306197,1.6752911600265394,1.724591345928876
3601,1.8223333561505213,1.8759606750177908,1.9311661295862879
3602,1.782475341432943,1.8759606750177908,1.9743490259921703
3603,1.9059221927349757,2.005881932896855,2.111084253102821
3604,1.9882200525648905,2.005881932896855,2.023700708345354
3605,2.0651928487323907,2.08353849860635,2.102047117701071
3606,1.793448397617886,2.08353849860635,2.420550644747188
3607,1.764240756453776,2.0496065243718347,2.3811301770352453
3608,1.8181377432554287,2.1122213434596193,2.453872936919473
3609,1.7250282301134674,2.004051375773098,2.328206487654904
3610,1.6122317523649032,1.8730100789013937,2.1759692739708383
3611,1.5817330113319348,1.837578169521889,2.1348062567525092
3612,1.7208326172183752,1.9991771229070636,2.322543824869727
3613,1.74164915570662,2.023360734437558,2.3506391331741376
3614,1.865741495385922,2.1675249977904247,2.5181219518701674
3615,1.863482347622638,2.1675249977904247,2.521174736127824
3616,1.9622397301728085,2.2823954690170156,2.6547872805177644
3617,1.9207680560692162,2.2823954690170156,2.7121073054755445
3618,1.9469097813341951,2.3134589569319384,2.749019187597312
3619,1.8150718273562976,2.3134589569319384,2.9486945170671626
3620,1.7787639371565422,2.267181552079994,2.8897101423748217
3621,1.830724458826386,2.333409528544729,2.974123168373347
3622,1.741326473075145,2.333409528544729,3.126811722036198
3623,1.7374535428115276,2.3282197306979446,3.119857297386855
3624,1.7351943950482438,2.325192431108381,3.115800660209811
3625,1.720832617218375,2.305947384442389,3.0900119434113984
3626,1.6309504228484422,2.185503589420466,2.9286150409328395
3627,1.6230434056769492,2.174908040856993,2.914416810813186
3628,1.6585444046265378,2.174908040856993,2.8520339720717414
3629,1.5891560661133748,2.174908040856993,2.976564156944746
3630,1.6885589370408147,2.174908040856993,2.801338397150688
3631,1.7553654451592193,2.260956569280247,2.912171150610642
3632,1.802484988671021,2.260956569280247,2.8360428188311997
3633,1.8260448835412415,2.2905090478934818,2.8731121265253354
3634,1.730676099521677,2.1708827097610994,2.723058197222563
3635,1.7234145707274537,2.1708827097610994,2.734531678904415
3636,1.7481039163649963,2.1708827097610994,2.6959105207768888
3637,1.7209940200912728,2.13721628722575,2.654101876624042
3638,1.651121472959418,2.0504450701170294,2.546345047546087
3639,1.6942068064490245,2.0504450701170294,2.4815890064680333
