,LSTM_Perf_OL,LSTM_Perf_LS
2952,1.0,
2953,1.0,0.9996931389521128
2954,1.0,1.0529972339900437
2955,1.0,1.0896170652496902
2956,1.0,1.1057007072852756
2957,1.0,1.1589898399339986
2958,1.0,1.1357615363510123
2959,1.0,1.113446087957157
2960,1.0,1.1126856497952875
2961,1.0,1.0631321203923445
2962,1.0,1.0956623851798877
2963,1.0,1.1191825293021875
2964,1.0,1.1113574155399728
2965,1.0,1.090893812151259
2966,1.0,1.0856238463130048
2967,1.0,1.080762835713132
2968,0.9936981579946408,1.073952039077204
2969,0.9840796169714934,1.063556677405604
2970,0.9734660282858224,1.0520859052005853
2971,0.9868988237890092,1.066603571360164
2972,1.003150952633669,1.0841682682166938
2973,1.012935366564893,1.0947428991627945
2974,1.0021559049711455,1.083092857683275
2975,1.0021559049711455,1.1234346653961862
2976,1.0021559049711455,1.0782751383472058
2977,1.0021559049711455,1.0738523527653767
2978,1.0021559049711455,1.0635570482063452
2979,1.0192547499497118,1.0817035232237882
2980,1.0158349933781823,1.0780742414057012
2981,0.9902681353742202,1.05094092622418
2982,0.9832657411824682,1.0435095019717116
2983,0.9806602034916478,1.0407443254540727
2984,1.123964838607688,1.1928290998512172
2985,1.05117266431341,1.1155770179736246
2986,1.0357021949753433,1.0991586876300692
2987,1.048729945550364,1.112984636145272
2988,1.0467757456915598,1.1109107043117865
2989,1.0467757456915598,1.1025064446211268
2990,1.0467757456915598,1.1316852685243128
2991,1.0467757456915598,1.14456386304946
2992,1.0467757456915598,1.138178782382438
2993,1.0329277099506582,1.1231215549649698
2994,1.014074383857832,1.10262198203876
2995,1.014074383857832,1.1031664645652959
2996,1.014074383857832,1.1616807820708528
2997,1.014074383857832,1.1612781803071157
2998,1.014074383857832,1.1481474036096533
2999,1.014074383857832,1.1485409507262405
3000,1.014074383857832,1.1507101784154001
3001,1.014074383857832,1.149131739935338
3002,1.014074383857832,1.1339655575742107
3003,1.014074383857832,1.107541969613521
3004,1.014074383857832,1.1291889544287674
3005,1.014074383857832,1.140915233356374
3006,1.014074383857832,1.1278587140274776
3007,1.022436857191603,1.1371594996211685
3008,1.014074383857832,1.1278587140274776
3009,1.0062239412032314,1.1191274115728387
3010,1.0188529679496032,1.1331734796841286
3011,1.0439402577460388,1.1610756916506713
3012,1.0524733645712407,1.1705662566858697
3013,1.0584465784103454,1.1772096956548677
3014,1.0507667692471758,1.1686681726417363
3015,1.0511081013324763,1.169047803932016
3016,1.034383219767373,1.1504463051518992
3017,1.0278980403515368,1.1432334554511143
3018,1.027556708266236,1.1428538241608346
3019,1.0603238723282797,1.179297631547774
3020,1.074488795804847,1.1950519318544253
3021,1.0536680594210124,1.1718950024054817
3022,1.0630544639082466,1.1823346094627467
3023,1.0668089866416772,1.1865104088412939
3024,1.0611771699903119,1.1802466735698407
3025,1.0591292425809462,1.1779689582354274
3026,1.0591292425809462,1.1721141000118283
3027,1.0591292425809462,1.1738079094196496
3028,1.0591292425809462,1.1548934604565335
3029,1.0591292425809462,1.1708000764515376
3030,1.0591292425809462,1.200209413050767
3031,1.0591292425809462,1.1715505349060984
3032,1.0591292425809462,1.142797463979496
3033,1.0495263523464888,1.13243597251499
3034,1.0538311180235307,1.1370808025328651
3035,1.064096163300068,1.148156757419235
3036,1.0606192809015067,1.1444052111226297
3037,1.0336319786742423,1.115285988175097
3038,1.0331352992340554,1.1147500724607189
3039,1.006975753968018,1.086523996938496
3040,1.006975753968018,1.0489268120987068
3041,1.006975753968018,1.0424734153414388
3042,1.006975753968018,1.0262834258209692
3043,1.0047863457946586,1.0240520381119589
3044,1.0061937713430482,1.025486449524247
3045,0.9964978549506847,1.015604624413347
3046,1.0040043631696889,1.0232550618152367
3047,1.0199559019342175,1.0395124540968947
3048,1.02183246933207,1.041425002646612
3049,1.0337179132115897,1.0535383370680325
3050,1.0348126172982692,1.0546540309225376
3051,1.040598978507174,1.0605513393543562
3052,1.034343475448806,1.0541758937851082
3053,1.0382531499460614,1.0581605320656995
3054,1.050920457136754,1.071070721182332
3055,1.0621803387790574,1.0825464988866766
3056,1.0659337122023562,1.0863718391891315
3057,1.0703125285490747,1.090834614607152
3058,1.0693741255363514,1.0898782187307832
3059,1.0360637417727014,1.055929144356689
3060,1.0728146581841436,1.0933847198739448
3061,1.0776627356941224,1.0983257540309048
3062,1.0676538592124554,1.088124968159202
3063,1.023396434582009,1.0430189552400564
3064,1.0223017304953295,1.0419032613855512
3065,1.0223017304953295,1.0481565949500489
3066,1.0223017304953295,1.0608913130222681
3067,1.0223017304953295,1.056120659242726
3068,1.0223017304953295,1.0642065477882228
3069,1.0223017304953295,1.0539959171086353
3070,1.0223017304953295,1.0502578359446806
3071,1.0223017304953295,1.0544855692845292
3072,1.0223017304953295,1.0775070407361715
3073,1.0223017304953295,1.0978274992481487
3074,1.0223017304953295,1.1222478266537996
3075,1.0223017304953295,1.1481662071618133
3076,1.0223017304953295,1.1445004365560785
3077,1.0223017304953295,1.1387596972846978
3078,1.0223017304953295,1.1684545889293894
3079,1.0223017304953295,1.171066355521609
3080,1.0223017304953295,1.1702614805087213
3081,1.0223017304953295,1.2622168312461128
3082,1.0223017304953295,1.2320770724031576
3083,1.0223017304953295,1.239927520117429
3084,1.0223017304953295,1.2503987062985242
3085,1.0223017304953295,1.2785661436674505
3086,1.0223017304953295,1.2610483461409738
3087,1.0223017304953295,1.2208140874844513
3088,1.0223017304953295,1.2088963236418757
3089,1.0223017304953295,1.188227833584518
3090,1.0299707824568636,1.1971416216825637
3091,1.0544047023155374,1.2255413228603975
3092,1.057793394319761,1.229480021229726
3093,1.0433470263848748,1.2126889154706488
3094,1.004110030589023,1.1670835045434071
3095,0.9800328187326407,1.1390984073559038
3096,0.9529236228743266,1.1075892157894027
3097,0.9529236228743266,1.1341221117579645
3098,0.9529236228743266,1.1713874030367892
3099,0.9529236228743266,1.1723156235000138
3100,0.9529236228743266,1.141120158911545
3101,0.9529236228743266,1.1574123000466945
3102,0.9529236228743266,1.183806564326009
3103,0.9529236228743266,1.3072341846528137
3104,0.9529236228743266,1.722307656764378
3105,0.9529236228743266,1.5899648091553515
3106,0.9529236228743266,1.6534923337194678
3107,0.9529236228743266,1.7814114979850275
3108,0.9529236228743266,1.7482568627847996
3109,0.9529236228743266,1.969334230952412
3110,0.9529236228743266,2.0598152829984615
3111,0.9529236228743266,2.3785568381753026
3112,0.9529236228743266,2.078626398486711
3113,0.9529236228743266,2.1934207984323773
3114,0.9529236228743266,2.18936332350428
3115,0.9529236228743266,2.1796866655293425
3116,0.9529236228743266,2.160587566862182
3117,0.9529236228743266,2.2467157097500214
3118,0.9529236228743266,2.373786258051147
3119,0.9529236228743266,2.6001094702337144
3120,0.9520862367372598,2.597824611748768
3121,0.9529236228743265,2.600109470233714
3122,1.2535383783330971,3.420354927264875
3123,1.4281293950346583,3.8967370265712016
3124,1.3837488880605657,3.775642141622243
3125,1.3343443038366845,3.640838759451903
3126,1.3749565731939764,3.751651781218605
3127,1.3180155935940312,3.59628489057985
3128,1.3289013738032875,3.625987397195853
3129,1.2393031334331106,3.3815132046051866
3130,1.15933459406659,3.1633142309031044
3131,1.1647774442424494,3.1781653752630565
3132,1.175663224451706,3.20786788187906
3133,1.0705736599759426,2.9211246789012852
3134,1.0705736599759426,3.864105403148329
3135,1.0705736599759426,3.6668215056814075
3136,1.0705736599759426,3.5017889083551164
3137,1.0705736599759426,3.483822541394001
3138,1.0705736599759426,3.7365261632452387
3139,1.0705736599759426,3.650692106078094
3140,1.0705736599759426,3.313804530353625
3141,1.0705736599759426,2.9558035534226312
3142,1.0705736599759426,2.953465972482029
3143,1.0705736599759426,2.7460718769471617
3144,1.0705736599759426,2.4117907266417387
3145,1.02736355004246,2.3144468947029955
3146,1.0183758392642883,2.294199359835549
3147,1.0705736599759428,2.4117907266417387
3148,1.024252416852578,2.307438126920614
3149,1.036351260820632,2.3346944295704417
3150,1.0090425056280365,2.273173205023304
3151,1.076104548772757,2.4242507252471057
3152,1.123462858270548,2.530939630407324
3153,1.2033151888996685,2.7108311387752497
3154,1.1977843001028543,2.6983711401698827
3155,1.2358091440976027,2.784033593448057
3156,1.246525298833151,2.808174970713993
3157,1.2143769664932966,2.735751135985984
3158,1.2503276777391932,2.8167409783859703
3159,1.2008954332927364,2.705379907952264
3160,1.2199078552901106,2.7482111345913505
3161,1.221290610456012,2.7513262085101426
3162,1.221290610456012,2.752105346103284
3163,1.221290610456012,2.456516571497636
3164,1.221290610456012,2.4429343490303816
3165,1.221290610456012,2.4307165767595653
3166,1.221290610456012,2.2979754547921565
3167,1.221290610456012,2.382459848092272
3168,1.221290610456012,2.3604749699886423
3169,1.221290610456012,2.3293640318904942
3170,1.221290610456012,2.5215139275811813
3171,1.221290610456012,2.5097950202268287
3172,1.2525087816033846,2.5739494563745113
3173,1.2916101956469284,2.654304233042835
3174,1.2837268324601812,2.638103645320843
3175,1.308953570599657,2.689945476590947
3176,1.3303963280908555,2.734011094970873
3177,1.3584612020797593,2.791685394910299
3178,1.344271124285499,2.7625242875704434
3179,1.2711135235357307,2.612182853286466
3180,1.29444821120578,2.660136454510806
3181,1.29444821120578,2.6620818676143627
3182,1.29444821120578,2.618043678375356
3183,1.29444821120578,2.6536718196588986
3184,1.2938190603961695,2.652382034745662
3185,1.3570472167839402,2.78200234350944
3186,1.355788915164719,2.7794227736829673
3187,1.3551598843533557,2.7781332347710497
3188,1.3617657878568956,2.791675607358054
3189,1.3321962997964356,2.7310569464425356
3190,1.3601929708319926,2.7884512680756224
3191,1.3601929708319926,2.8223931195367205
3192,1.3601929708319926,2.8105508909872374
3193,1.3601929708319926,2.7534285222898767
3194,1.3471469846720892,2.727019629460424
3195,1.340002802116626,2.7125577138069223
3196,1.3443514246729011,2.7213605981298703
3197,1.3766556472210565,2.786753795758354
3198,1.37572383338502,2.784867531935039
3199,1.3452833570000158,2.7232471018137936
3200,1.3462151708360524,2.7251333656371086
3201,1.34838948211419,2.729534807798583
3202,1.34838948211419,2.741534063938994
3203,1.34838948211419,2.7083224134866857
3204,1.34838948211419,2.7594110242085903
3205,1.34838948211419,2.736468999487359
3206,1.34838948211419,2.738999310849789
3207,1.3848577768438988,2.81307778406357
3208,1.4079230883327607,2.8599306208073516
3209,1.4054295957753962,2.8548655602393014
3210,1.3839227319976295,2.8111784165414133
3211,1.4023127003532059,2.8485341741475136
3212,1.38703962741982,2.8175098026332006
3213,1.4160272066735577,2.876392611089035
3214,1.4160272066735577,2.906461740670049
3215,1.4109879686483635,2.8961184701076403
3216,1.4289402616221742,2.9329663868989098
3217,1.431774840520403,2.9387844920029536
3218,1.4289402616221745,2.9329663868989098
3219,1.4141375675046797,2.902583168336035
3220,1.3968150741572205,2.8670279445874223
3221,1.4213814646568392,2.9174516043568084
3222,1.444372995655844,2.964642791710486
3223,1.444372995655844,2.978933436799166
3224,1.444372995655844,3.0152698996944682
3225,1.444372995655844,3.0179472261893063
3226,1.4459760489086007,3.0212967281061527
3227,1.4244948662503918,2.976412840209058
3228,1.4129526871423472,2.95229601752678
3229,1.4129526871423472,3.0498754115520397
3230,1.4129526871423472,3.2706809598784923
3231,1.4129526871423472,3.1896955545766716
3232,1.4129526871423472,3.247820272871531
3233,1.4129526871423472,3.266574908615582
3234,1.4129526871423472,3.2847180658066937
3235,1.4129526871423472,3.2101576242310728
3236,1.4129526871423472,3.081659896486122
3237,1.4129526871423472,3.0047964638317257
3238,1.4129526871423472,3.015241714728673
3239,1.4129526871423472,3.139664307507451
3240,1.4129526871423472,3.1185925403777643
3241,1.4146460369576082,3.122330010252147
3242,1.4204034521683575,3.1350374648551838
3243,1.4197260864033912,3.133542419875296
3244,1.4369985904242584,3.1716653539857536
3245,1.3895840204310927,3.0670144865989895
3246,1.386874686565537,3.061034591830111
3247,1.3872133048508652,3.061781971744718
3248,1.3299772542514618,2.935453665026263
3249,1.3299772542514618,2.791844616452296
3250,1.3299772542514618,2.7028197572133585
3251,1.3299772542514618,2.74530274259171
3252,1.3299772542514618,2.6597892561945953
3253,1.3149405425622265,2.6297177011573374
3254,1.2802642472433217,2.5603694191179094
3255,1.3026657881609518,2.6051697175173367
3256,1.3293634989721208,2.658561821896222
3257,1.324453573799241,2.6487425816183907
3258,1.3173955636795918,2.634627438350831
3259,1.3078825324425776,2.6156025578897775
3260,1.324453573799241,2.6487425816183907
3261,1.324453573799241,2.7395094817285313
3262,1.324453573799241,2.6924100773306345
3263,1.324453573799241,2.736885998698509
3264,1.324453573799241,2.825500049562686
3265,1.324453573799241,2.7747506626581786
3266,1.324453573799241,2.9222835516313728
3267,1.324453573799241,3.03638047238605
3268,1.324453573799241,3.0517814258535254
3269,1.324453573799241,3.0517814258535254
3270,1.324453573799241,2.8788650731343086
3271,1.324453573799241,2.772731765407218
3272,1.324453573799241,2.793054692550967
3273,1.324453573799241,2.897838459001481
3274,1.324453573799241,2.6962199364240234
3275,1.324453573799241,2.621410864904873
3276,1.330223909883619,2.6328317421669962
3277,1.322023885434923,2.6166019296559875
3278,1.2992460783620736,2.5715191935596255
3279,1.3308313319746985,2.6340339759792175
3280,1.3287054125828792,2.629826272287769
3281,1.3466239587810107,2.6652913671890133
3282,1.3423721199973724,2.656875959806117
3283,1.3654535801888024,2.7025596981572626
3284,1.3988611000746656,2.768681182013519
3285,1.4535278138787204,2.8768797027842563
3286,1.4763056209515697,2.921962438880618
3287,1.463246335628156,2.8961149851744916
3288,1.4453277894300245,2.8606498902732476
3289,1.445935211521104,2.861852124085469
3290,1.4653722550199753,2.90032268886594
3291,1.4793426155530494,2.927973378639072
3292,1.4957426644504412,2.9604330036610893
3293,1.4817723039173674,2.932782313887958
3294,1.4832908012181072,2.935787783767185
3295,1.4838982233091866,2.936990017579406
3296,1.5261130738809072,3.0205433184562387
3297,1.5176093963136306,3.003712503690446
3298,1.5176093963136306,2.9845996170922704
3299,1.5176093963136306,2.956964587061066
3300,1.5176093963136306,2.9384399392249145
3301,1.5176093963136306,2.9144760674961723
3302,1.5400051360018125,2.9574857164174495
3303,1.5002231870826817,2.8810869155634244
3304,1.4757646863342215,2.8341158601315213
3305,1.5087689757107177,2.897498580181996
3306,1.5114211131327961,2.9025918479642954
3307,1.498749802384204,2.878257370324473
3308,1.5055274619268388,2.8912734511280234
3309,1.512894497831274,2.9054213932032478
3310,1.5055274619268388,2.891273451128024
3311,1.5794924529460665,3.03331869457587
3312,1.600120175960894,3.0729329755625905
3313,1.6024776814080959,3.077460420649285
3314,1.6499214106185855,3.168573202154603
3315,1.6401968692669486,3.1498978149926846
3316,1.6673076198495342,3.201962354087351
3317,1.6519841716788635,3.172534608665229
3318,1.6625926089551306,3.1929074639139623
3319,1.6236946683726772,3.118206347027216
3320,1.647269273196507,3.1634799343723046
3321,1.652573548040664,3.173666469936903
3322,1.6531628119904176,3.174798115328113
3323,1.6328298333625135,3.135749872917461
3324,1.6466798968347065,3.162348073100631
3325,1.6475639051713835,3.164045757067909
3326,1.6446171357744281,3.158386666590005
3327,1.636365979121269,3.1425408246670385
3328,1.636365979121269,3.1228576381903976
3329,1.636365979121269,3.1228576381903976
3330,1.6826339632233955,3.2111559341709754
3331,1.7119175342298925,3.2670410017890625
3332,1.7230453224905893,3.2882773871756275
3333,1.7376871079938379,3.316219920984671
3334,1.7734131003683105,3.384399771697814
3335,1.7889333572552073,3.4140187893163234
3336,1.8000611455159043,3.4352551747028888
3337,1.7903975134639405,3.416813000060305
3338,1.8281733468722314,3.4889047884519453
3339,1.8551141785783887,3.540318948331971
3340,1.884104851318364,3.595645045890493
3341,1.872098703381977,3.5727323898790764
3342,1.8422294475503953,3.5157295953264738
3343,1.9104601099073943,3.645941692020617
3344,1.9142671171244254,3.653207023687275
3345,1.9631706270854552,3.7465349842808657
3346,1.9584851484847758,3.7375931688047417
3347,1.9365224702299033,3.6956793680911764
3348,1.9312514185120973,3.6856200388651517
3349,1.8360799244489407,3.503993782290983
3350,1.876198385449613,3.58055626523607
3351,1.9543854664171396,3.729769293447748
3352,2.031108502883891,3.8761883241000588
3353,1.9983108229268849,3.813596894874879
3354,1.9772266160556604,3.7733595779707794
3355,1.988354516024316,3.794596176541959
3356,2.039014968752642,3.8912771047544816
3357,2.027008820816255,3.8683644487430655
3358,2.0170522904977695,3.8493633040409168
3359,2.0027034032610427,3.821979740291438
3360,1.9912828284417823,3.8001845980299227
3361,1.8530643375445708,3.536407010653475
3362,1.8530643375445708,3.467903851705097
3363,1.8530643375445708,3.4630736893474596
3364,1.8530643375445708,3.681260535399805
3365,1.8530643375445708,3.474364517834901
3366,1.8530643375445708,3.612329758858111
3367,1.8530643375445708,3.4657554959720223
3368,1.8530643375445708,3.443887653991177
3369,1.8530643375445708,3.4889902314742662
3370,1.8530643375445708,3.5219362306078037
3371,1.8530643375445708,3.5186137843746432
3372,1.8530643375445708,3.600705162075763
3373,1.8530643375445708,3.5668445223209853
3374,1.8530643375445708,3.543125900219868
3375,1.8542379327030878,3.545369856524172
3376,1.8469031308426485,3.5313454506154494
3377,1.8469031308426485,3.512929884618992
3378,1.8582857336818266,3.534580335587828
3379,1.9432177023605575,3.6961264643200433
3380,1.9537247546233507,3.7161115611433835
3381,1.9487629302353582,3.706673848421083
3382,1.956935255185487,3.7222181420359988
3383,1.9429257779440672,3.6955712050919804
3384,1.9064430194407813,3.626178625438354
3385,1.908777969426532,3.6306198521854722
3386,1.929500149535628,3.6700347866040888
3387,1.9160745211271892,3.6444983681161975
3388,1.938547802389055,3.6872440108258058
3389,1.9633560336366718,3.7344308802825323
3390,2.001006267132833,3.806044073309718
3391,1.9627724074767772,3.733320785365099
3392,1.9639398824696528,3.7355413987386585
3393,2.0126807943885017,3.8282497835066165
3394,2.0126807943885017,3.877164279106309
3395,2.0126807943885017,3.866375311737629
3396,2.0126807943885017,3.8641115741361554
3397,2.0194566044179654,3.877120336395922
3398,2.0421404080210963,3.920670584548869
3399,1.9752671839690732,3.792281820776851
3400,2.0241700257244926,3.8861695536762335
3401,2.046264735948938,3.9285888114857683
3402,2.024170025724492,3.886169553676233
3403,1.9637779526330823,3.7702238412367732
3404,1.9637779526330823,3.859977464412104
3405,1.9637779526330823,3.7827080949531635
3406,1.9637779526330823,3.6710946308034313
3407,1.9637779526330823,3.6609341511678544
3408,1.9637779526330823,3.6492395098138486
3409,1.9637779526330823,3.618242706254183
3410,1.9685841527563621,3.6270980855080026
3411,1.9685841527563621,3.6270980855080026
3412,2.0172121475769647,3.716694715994406
3413,2.0160812388952323,3.7146110272129778
3414,2.0324790912321844,3.744823918409183
3415,2.021170220113639,3.7239874280179035
3416,2.0418089260823926,3.7620140527887136
3417,2.0418089260823926,3.7620140527887136
3418,2.05029041764722,3.777641122514924
3419,2.055096833469275,3.786496899191742
3420,2.0599030335925548,3.795352278445561
3421,2.091850394981078,3.8542149961846524
3422,2.103159266099624,3.875051486575932
3423,2.066122923492694,3.806812368031915
3424,2.0782799221978445,3.8292115256535157
3425,2.117578082168239,3.9016180217603877
3426,2.115033483709648,3.8969296226464256
3427,2.125777008336715,3.916724467358491
3428,2.13623753616988,3.935997893096451
3429,2.153766297188564,3.968294473074084
3430,2.1113581922681006,3.890157932174035
3431,2.113620009631565,3.894325309736891
3432,2.1240805374647294,3.9135987354748507
3433,2.144153681243229,3.950583317143448
3434,2.1534835160934374,3.967773451522979
3435,2.107117338636299,3.8823441985994314
3436,2.107117338636299,3.940502617184801
3437,2.107117338636299,3.9038194503543657
3438,2.107117338636299,3.829928480402538
3439,2.107117338636299,3.849801680202649
3440,2.107117338636299,3.782862027238738
3441,2.059460075006136,3.697303976150171
3442,2.0239236209352978,3.6335061514052573
3443,2.0239236209352978,3.6275813923600544
3444,2.0239236209352978,3.8903190133211347
3445,2.0239236209352978,3.849368525635859
3446,2.0239236209352978,3.69588382905081
3447,2.0239236209352978,3.6177489912864678
3448,2.0239236209352978,3.602614127885688
3449,2.0239236209352978,3.5832711594520346
3450,2.0239236209352978,3.584233208205474
3451,2.0239236209352978,3.571764905128306
3452,2.0593979388279737,3.6343690085498923
3453,2.0669801726980483,3.647749926959794
3454,1.973826541493408,3.483354953117727
3455,1.9608284853162448,3.460416340015804
3456,1.9058568765574462,3.363403952338652
3457,1.9058568765574462,3.3204707236323148
3458,1.9058568765574462,3.3481806385511437
3459,1.9058568765574462,3.4286842089900826
3460,1.9058568765574462,3.351498940009857
3461,1.9058568765574462,3.3134987799290703
3462,1.9058568765574462,3.319539602188671
3463,1.9058568765574462,3.3533981188304307
3464,1.9058568765574462,3.4055006999395054
3465,1.9058568765574462,3.4291810099049886
3466,1.9058568765574462,3.4693880885420487
3467,1.9058568765574462,3.562323127149388
3468,1.9058568765574462,3.6317330441763183
3469,1.9058568765574462,3.4431470680397
3470,1.9058568765574462,3.3316868509532442
3471,1.9058568765574462,3.2763510163007528
3472,1.8747300710770427,3.2228410481471492
3473,1.9177271849067505,3.296757216421245
3474,1.9364561977513974,3.328954188304416
3475,1.9253770152052383,3.3099080094221605
3476,1.8884468763085291,3.2464215537524583
3477,1.9264321850312092,3.311721947695392
3478,1.9153532037381162,3.2926761147864863
3479,1.8910849014999893,3.2509565724222123
3480,1.9150893609683572,3.2922225437248414
3481,1.8847538825441654,3.240072942782824
3482,1.9235305183230567,3.3067337039373434
3483,1.9390940216897916,3.3334888610008204
3484,1.941468002858426,3.3375699626355786
3485,1.9905322928741984,3.4219161894874173
3486,1.9960717835207449,3.43143910594187
3487,1.9873667833962865,3.416474374667723
3488,1.949909160213125,3.3520811228480802
3489,1.9615158270457362,3.3720340978802765
3490,2.0097887900052975,3.4550199575205296
3491,2.037750086007789,3.503088110854439
3492,2.0599080485939743,3.5411797766722497
3493,2.0978933573166536,3.606480170615183
3494,2.0862866904840422,3.5865271955829865
3495,2.074416382134738,3.566120995462495
3496,2.071250872656826,3.5606791806428006
3497,2.0912986968441363,3.5951433158874986
3498,2.143528496337821,3.6849313575590315
3499,2.1778206100430704,3.74388279455898
3500,2.138780332747486,3.676768808316165
3501,2.1617296223898834,3.7162208413455624
3502,2.1733362892224948,3.7361738163777587
3503,2.2065734343548398,3.7933116610778255
3504,2.200506258168775,3.782881602500082
3505,2.194175440466017,3.7719983188340427
3506,2.21580591876575,3.8091831885019127
3507,2.2384915668914545,3.8481819964430146
3508,2.224510918890209,3.8241479197760597
3509,2.24429490030776,3.8581584839591123
3510,2.263815038955552,3.8917154770805196
3511,2.231896906418937,3.83684514171533
3512,2.256165208657064,3.8785646840796035
3513,2.2682993597761274,3.8994244552617405
3514,2.2791146995525273,3.9180170630823508
3515,2.2311055793627252,3.835484774503743
3516,2.2242470761204487,3.8236943487144135
3517,2.2258297302328716,3.826415083137586
3518,2.2345347303573297,3.841379814411733
3519,2.234798573127089,3.841833385473378
3520,2.234798573127089,3.9697540869295302
3521,2.234798573127089,4.041223310245742
3522,2.234798573127089,3.9337700931892927
3523,2.234798573127089,3.9012361011204573
3524,2.234798573127089,3.839114576473952
3525,2.234798573127089,3.9385301489706017
3526,2.234798573127089,3.9275988695495356
3527,2.234798573127089,3.9610580060844143
3528,2.234798573127089,3.9668509079972485
3529,2.234798573127089,3.9485639682401605
3530,2.234798573127089,4.054311585153878
3531,2.234798573127089,4.006402482344184
3532,2.234798573127089,4.125746376285944
3533,2.234798573127089,4.083816079922961
3534,2.234798573127089,3.9543207236198
3535,2.234798573127089,3.9572052171068988
3536,2.234798573127089,3.9557624445290958
3537,2.234798573127089,4.475799280025031
3538,2.234798573127089,4.431918821989762
3539,2.234798573127089,4.612159990287118
3540,2.234798573127089,4.726007203814084
3541,2.234798573127089,4.67174017024909
3542,2.234798573127089,4.65770094304236
3543,2.234798573127089,4.453750970880963
3544,2.234798573127089,4.3144236290267965
3545,2.234798573127089,4.292800453931695
3546,2.234798573127089,4.373557338286281
3547,2.234798573127089,4.331072821002657
3548,2.2121977526994736,4.287272095396574
3549,2.1916785718585006,4.247505618221307
3550,2.1970313917786806,4.25787946271485
3551,2.2309325089792535,4.323580331273924
3552,2.1863257519383206,4.237131773727763
3553,2.126850075883743,4.121867030332883
3554,2.200005357086768,4.263643051644674
3555,2.2389618523003727,4.339141317864289
3556,2.2853528070207996,4.429047677008264
3557,2.337394023568555,4.529904327478785
3558,2.3475050064763163,4.549499562499967
3559,2.356129006730034,4.5662130030562365
3560,2.3588053032492744,4.571399705452957
3561,2.3552366810085883,4.564483662557228
3562,2.3486945472232117,4.551804910131876
3563,2.3790270421830986,4.61058973579522
3564,2.4028174033576093,4.656695809033214
3565,2.4382052763305277,4.725278032357099
3566,2.4310682587308543,4.711446386265742
3567,2.4048990429442516,4.660730057464031
3568,2.489651835945685,4.824982228861716
3569,2.5179026913189295,4.8797328060942435
3570,2.5119552144661514,4.868206507634796
3571,2.5592382680263253,4.959841767577678
3572,2.5592382680263253,4.877659238817758
3573,2.586436214685918,4.929495880000583
3574,2.5846813573024083,4.926151292497175
3575,2.5703513235508613,4.898839641841565
3576,2.522974190398627,4.808543433740978
3577,2.579417231396605,4.916118380486
3578,2.630888659906424,5.014217917345334
3579,2.612756621092575,4.979660014806943
3580,2.6329358075852163,5.018119581724707
3581,2.6674450278294053,5.083890799298081
3582,2.6697846889258434,5.0883499658029425
3583,2.616558626154877,4.986906266689724
3584,2.66452056302004,5.078317053791766
3585,2.7276898507673226,5.19871157267636
3586,2.710727865624055,5.1663836786399235
3587,2.6548696283390054,5.059923310896355
3588,2.677388475928085,5.10284204431898
3589,2.6732941805705,5.095038715560235
3590,2.7619067807162283,5.263925713373769
3591,2.8215667999412166,5.377631907750595
3592,2.727982364184967,5.199269074801848
3593,2.7727273228231177,5.2845486142720866
3594,2.718916456339224,5.181990336157415
3595,2.7355861511872086,5.213761153317886
3596,2.8320948286304612,5.3976973065234235
3597,2.8320948286304612,5.3976973065234235
3598,2.897604000596545,5.522551417162403
3599,2.8639720974829297,5.458452280715972
3600,2.9534620147592316,5.629011359656448
3601,2.9493677194016468,5.621208030897702
3602,3.302648512558704,6.294526864148932
3603,3.2304130938433153,6.156853181370381
3604,3.454138110156433,6.583251303971096
3605,3.603288046657723,6.867516577288398
3606,3.742787271600342,7.133388532959812
3607,3.2502997669183116,6.194755246162656
3608,3.1973662175649906,6.093869049174926
3609,3.2950447255564623,6.280034785632894
3610,3.126300629397821,5.958424949648806
3611,2.921877482446772,5.568814312838913
3612,2.921877482446772,5.676191363435425
3613,2.921877482446772,5.217369294577761
3614,2.921877482446772,5.1550102549444885
3615,2.921877482446772,4.812145348316823
3616,2.921877482446772,4.8179792363673934
3617,2.921877482446772,4.575495603379894
3618,2.860123992870865,4.47879311611088
3619,2.899050387658175,4.539749658359742
3620,2.7027367858405476,4.2323336125479765
3621,2.6486724402977773,4.147671891850704
3622,2.7260443719271166,4.2688319798837595
3623,2.592926100226622,4.060376262436942
3624,2.5871591047090288,4.051345472202246
3625,2.5871591047090288,4.0566201481048045
3626,2.5871591047090288,4.09047601341344
3627,2.5871591047090288,4.315903442078658
3628,2.5871591047090288,4.336929326234102
3629,2.5871591047090288,4.2440977306340155
3630,2.5871591047090288,4.429410486439316
3631,2.5871591047090288,4.168657894859781
3632,2.5871591047090288,4.0100051890862884
3633,2.5871591047090288,3.9051779005500245
3634,2.6209753067315593,3.9562216436961477
3635,2.4840897185396913,3.7496001904822007
3636,2.473667035159713,3.7338677089638295
3637,2.509104370703113,3.787358466206618
3638,2.4701927484631994,3.7286234595465033
3639,2.3699026502834233,3.5772409356256554
3640,2.4317442819850257,3.6705875616663497
