,RF_Perf_OL,RF_Perf_LS
2912,1.0,1.0221012721257
2913,1.0,1.004864651543137
2914,1.0,0.9791436297088065
2915,0.9841997158234411,0.96367288210974
2916,0.9841997158234411,0.96367288210974
2917,0.9841997158234411,1.0009535348844
2918,0.9841997158234411,0.9790765513672737
2919,0.9841997158234411,0.9680242917865056
2920,0.9841997158234411,0.9850211037349067
2921,0.9841997158234411,0.9659991197052407
2922,0.9841997158234411,0.9709994339244596
2923,0.9841997158234411,0.931376067513092
2924,0.9956527774498112,0.9422144241261386
2925,0.9904607787690092,0.9373010887165539
2926,0.9933622583297913,0.9400468410063012
2927,1.0153520574279558,0.9608564107309947
2928,1.0162683815825313,0.9617235542323945
2929,1.0162683815825313,0.9617235542323945
2930,1.0155047975381462,0.9610009530234721
2931,0.9528947506153033,0.9017512922561766
2932,0.9745791859996543,0.92227188764938
2933,0.9808402489452224,0.9281969088528419
2934,0.9790077171426389,0.9264627321035072
2935,0.9797713011870238,0.9271853333124295
2936,1.0232929120659167,0.9683710663913139
2937,1.0232929120659167,0.9755043671414477
2938,1.0232929120659167,0.9725801265035089
2939,1.0232929120659167,0.9760912146641446
2940,1.0232929120659167,1.0084001362275403
2941,1.0123205620925058,0.9975874753779838
2942,0.9848101299025244,0.9704774238561291
2943,0.9848101299025244,0.9620884581583463
2944,0.9972640619065029,0.9742550513684533
2945,1.0062498986167272,0.983033565645777
2946,0.9960029308781465,0.9730230173247669
2947,0.9993134674816002,0.9762571727825391
2948,1.0004169796827516,0.9773352246017966
2949,1.0043581118688356,0.9811854264561206
2950,1.0202803195772823,0.9967402748472644
2951,1.0202803195772823,0.9898578121424382
2952,1.0202803195772823,0.9895540633369447
2953,1.0202803195772823,1.0423175382294236
2954,0.9859907564527396,1.0072873486460907
2955,0.9859907564527396,1.0221557365038791
2956,0.9859907564527396,1.071418427819274
2957,1.00615598646615,1.093330802652595
2958,1.0263211495889988,1.115243104799859
2959,1.0270225640168966,1.1160052907926483
2960,1.0748929950266526,1.1680232854805752
2961,1.0429793743534819,1.1333446223552905
2962,1.0210606751608888,1.1095268552260535
2963,1.028250005820437,1.117339079937001
2964,1.028250005820437,1.096765335196717
2965,1.0332414606620581,1.1020893853902514
2966,1.0378887315771357,1.1070463176674927
2967,1.031348120771594,1.1000698866809375
2968,1.021365145429457,1.0894217162599285
2969,1.0103494213310045,1.077671981988219
2970,1.0242911684173421,1.0925427087860025
2971,1.0411590698093542,1.1105345681777408
2972,1.0411590698093542,1.0998073981542147
2973,1.030079257042966,1.0881034612592801
2974,0.9930897812891348,1.0490303740936864
2975,0.9930897812891348,1.006861730902158
2976,0.997179936844353,1.011008607830687
2977,0.997179936844353,1.0013158027605904
2978,0.997179936844353,0.984517898520422
2979,0.9938342446685853,0.9812146894321938
2980,0.968821108501246,0.9565191662422624
2981,0.9619703707458075,0.9497554181070534
2982,0.9619703707458075,0.9522788441929984
2983,0.9619703707458075,0.8308640386686109
2984,0.9619703707458075,0.8884001618678542
2985,0.947812722216703,0.8753252713853404
2986,0.947812722216703,0.8644516243077451
2987,0.9460465711729691,0.8628408080539204
2988,0.953258158100543,0.8694181285384965
2989,0.953258158100543,0.8924280606750657
2990,0.9425321290057079,0.8823864898135884
2991,0.9425321290057079,0.877463995666395
2992,0.9300631559108107,0.8658558237887453
2993,0.9130873464747883,0.8500519470624238
2994,0.9126366800329357,0.8496323925829411
2995,0.8666668118153796,0.806836075083413
2996,0.8666668118153796,0.8065564512556898
2997,0.8765784384421281,0.8157806263241872
2998,0.8762780791761452,0.8155010994052257
2999,0.8762780791761452,0.8170413209917973
3000,0.8762780791761452,0.815920578788378
3001,0.8762780791761452,0.8051521004146126
3002,0.8971842042155557,0.8243613113797408
3003,0.8971842042155557,0.8404735105372507
3004,0.8879629825853348,0.831835159038664
3005,0.8982423781348623,0.8414647976603853
3006,0.9056496532361618,0.8484038615434233
3007,0.8982423781348623,0.8414647976603853
3008,0.8912886473319468,0.834950609702331
3009,0.9024751314782421,0.8454300001740197
3010,0.9246968414498332,0.8662470837809404
3011,0.9246968414498332,0.8592238382036674
3012,0.9246968414498332,0.854374913538093
3013,0.9246968414498332,0.8606193404478562
3014,0.9249972208588519,0.8608989048599812
3015,0.9102789735660166,0.8472005685946079
3016,0.9045718793776881,0.8418889514071498
3017,0.9042714999686693,0.8416093869950247
3018,0.9331072930278165,0.8684469840229805
3019,0.945572723398768,0.8800486138581451
3020,0.945572723398768,0.8974385878924422
3021,0.945572723398768,0.8895145145035384
3022,0.945572723398768,0.8863839611352793
3023,0.940580927983285,0.8817046305200212
3024,0.940580927983285,0.8834094905193602
3025,0.9452792487193872,0.8878222326920894
3026,0.9452792487193872,0.8891052149974739
3027,0.9452792487193872,0.8747783945041406
3028,0.9452792487193872,0.8868269206050704
3029,0.9221165945162418,0.86509655327939
3030,0.9221165945162418,0.8444395775598051
3031,0.9221165945162418,0.8237147088124631
3032,0.9221165945162418,0.8312514818678028
3033,0.9221165945162418,0.8278559256093714
3034,0.931098649070399,0.8359198159362845
3035,0.9280563295734117,0.8331884886419316
3036,0.9044420722228994,0.8119881296062696
3037,0.9044420722228994,0.8123784926206302
3038,0.8815411091579799,0.791808629247827
3039,0.8815411091579799,0.7644095331620956
3040,0.8815411091579799,0.7597065949345343
3041,0.8815411091579799,0.7479080764978859
3042,0.8796244261574834,0.746281943942903
3043,0.8808565347500642,0.7473272768921444
3044,0.8723683970196907,0.7401258580393849
3045,0.8723683970196907,0.7345922557560935
3046,0.8862285143782219,0.7462633971113183
3047,0.8878590432412596,0.7476364109431654
3048,0.8981861752791229,0.7563325435003535
3049,0.8991373516727121,0.7571334973347378
3050,0.9041650575647991,0.7613671603435813
3051,0.8987297194569527,0.756790243876776
3052,0.9021267928155503,0.7596508057563517
3053,0.9021267928155503,0.7504943276910276
3054,0.9021267928155503,0.742538543729959
3055,0.9021267928155503,0.7399239116905494
3056,0.9058326963834483,0.7429634918096022
3057,0.905038502062971,0.7423120940538434
3058,0.8768470776543471,0.7191895028718936
3059,0.8768470776543471,0.6945525601321583
3060,0.8808095725405206,0.6976912613240066
3061,0.8726289851234844,0.6912113994658968
3062,0.8364559209733362,0.6625586332611901
3063,0.8355611829382258,0.6618499092330552
3064,0.8305761999541632,0.6579012928984282
3065,0.8206061364669062,0.6500039829840486
3066,0.8243129361892584,0.6529401474563579
3067,0.8180497699434855,0.6479790792594132
3068,0.8259746621967006,0.654256404397984
3069,0.8289144739467211,0.6565850359568023
3070,0.8255911194509687,0.6539525993186758
3071,0.8079519563934497,0.6399805782303899
3072,0.8079519563934497,0.652049825387714
3073,0.7903707672527281,0.637861096443374
3074,0.7903707672527281,0.6525925365194688
3075,0.7929022804209934,0.6546827537544168
3076,0.7968994760281383,0.6579831541845823
3077,0.7766472182026549,0.641261290405994
3078,0.7766472182026549,0.6426946578907335
3079,0.7766472182026549,0.6422529332449749
3080,0.7766472182026549,0.6927190852309285
3081,0.795645997083446,0.7096647671549088
3082,0.795645997083446,0.714186550957235
3083,0.795645997083446,0.7202178553857385
3084,0.795645997083446,0.7364420335069823
3085,0.8066986783881017,0.7466722855607127
3086,0.8066986783881017,0.7228494036221735
3087,0.8066986783881017,0.7157928431069956
3088,0.8066986783881017,0.7035549390191449
3089,0.812750330163025,0.7088328322518185
3090,0.8320311454740611,0.7256484205300842
3091,0.8347051636036664,0.7279805411998115
3092,0.8233055292560513,0.718038453449894
3093,0.7923436011792038,0.691035288571097
3094,0.7733442642863639,0.6744651891434452
3095,0.751952387682115,0.6558084578966802
3096,0.7343603891937379,0.6404657558998876
3097,0.7343603891937379,0.6615103530383089
3098,0.7343603891937379,0.6620345412315003
3099,0.7343603891937379,0.6444177197259817
3100,0.7240232750086503,0.6353466700755301
3101,0.7240232750086503,0.6498354636698953
3102,0.7240232750086503,0.7175894762778644
3103,0.5495347894775546,0.5446515262550827
3104,0.59527605273125,0.5899863245626579
3105,0.59527605273125,0.6135594065015328
3106,0.59527605273125,0.6610262165413457
3107,0.59527605273125,0.6487235660352697
3108,0.59527605273125,0.7307584784673793
3109,0.59527605273125,0.7643331733485637
3110,0.5155053229501414,0.6619077276176697
3111,0.5898889343036819,0.7574161248564307
3112,0.5898889343036819,0.7992452527965768
3113,0.5898889343036819,0.7977667779061497
3114,0.5898889343036819,0.7942407682344386
3115,0.5898889343036819,0.7872813813473757
3116,0.5898889343036819,0.818665012515863
3117,0.5898889343036819,0.8649673602334179
3118,0.5898889343036819,0.9474356914646476
3119,0.5898889343036819,0.9482689873187223
3120,0.5898889343036819,0.9474356914646477
3121,0.5898889343036819,0.7202283289894047
3122,0.5898889343036819,0.6321793072041797
3123,0.5898889343036819,0.6524549788916745
3124,0.5898889343036819,0.6766123623078288
3125,0.5898889343036819,0.6566271758341303
3126,0.5898889343036819,0.6849948179209637
3127,0.5898889343036819,0.6793836392591295
3128,0.5898889343036819,0.7285012255636835
3129,0.5898889343036819,0.7787517565434412
3130,0.5898889343036819,0.7751127530960401
3131,0.5898889343036819,0.7679357768224732
3132,0.5371602532445657,0.6992919384738953
3133,0.5371602532445657,0.9250333535408681
3134,0.5371602532445657,0.8778052978245956
3135,0.5371602532445657,0.8382979239253442
3136,0.5399304340192891,0.8426210970907482
3137,0.5034145981162742,0.7856341006720857
3138,0.5152507420960818,0.804105711081869
3139,0.5676320976663994,0.8858526038606244
3140,0.6363825548023796,0.9931452881906588
3141,0.6363825548023796,0.9923598647161405
3142,0.6844446559714624,1.0673067655294972
3143,0.6844446559714624,0.937382805306505
3144,0.6844446559714624,0.9768083952696455
3145,0.6844446559714624,0.9854292511500403
3146,0.6844446559714624,0.9373828053065049
3147,0.6844446559714624,0.9797754187969293
3148,0.6844446559714624,0.9683370673769944
3149,0.6844446559714624,0.9945441694261345
3150,0.6844446559714624,0.9325649090694628
3151,0.6844446559714624,0.893253687282854
3152,0.6844446559714624,0.8339771241424723
3153,0.6844446559714624,0.8378280969197267
3154,0.6844446559714624,0.8120488066207763
3155,0.6844446559714624,0.8050677684720027
3156,0.6844446559714624,0.8263804142904424
3157,0.6844446559714624,0.8026194721131573
3158,0.6844446559714624,0.835657554233428
3159,0.6844446559714624,0.822633722968237
3160,0.6844446559714624,0.8217023303739271
3161,0.6842508855685063,0.8214697014969575
3162,0.6842508855685063,0.7332400765718219
3163,0.6842508855685063,0.7291859497006836
3164,0.6876902094188934,0.7328511354988562
3165,0.7274142063719081,0.7751838252403166
3166,0.7274142063719081,0.8036832311129587
3167,0.7274142063719081,0.7962669978932897
3168,0.7274142063719081,0.7857722400178544
3169,0.7274142063719081,0.8505908136237708
3170,0.7308106987643195,0.8545624506941238
3171,0.7494914069225823,0.8764064545810661
3172,0.7494914069225823,0.8498746636688365
3173,0.7494914069225823,0.8550937417994042
3174,0.7494914069225823,0.8386139930951045
3175,0.7494914069225823,0.825097572384241
3176,0.7494914069225823,0.8080516240994738
3177,0.7416624447453198,0.7996109594782131
3178,0.7416624447453198,0.8456317265029626
3179,0.7552776421169893,0.8611555580541707
3180,0.7547256955222309,0.8605262373231968
3181,0.7547256955222309,0.8462907557832057
3182,0.7547256955222309,0.857807663183586
3183,0.7543588702771101,0.8573907362017955
3184,0.7912239328522266,0.8992909038631016
3185,0.790490282361985,0.8984570498995208
3186,0.790490282361985,0.8988740908506284
3187,0.7943436302850319,0.903255769776156
3188,0.777095191015177,0.8836424038522175
3189,0.7934261764934355,0.9022125242597727
3190,0.7838845030669118,0.8913625957814203
3191,0.7871873927144483,0.8951183433160241
3192,0.8035183081954693,0.9136883841290486
3193,0.8035183081954693,0.922536688099913
3194,0.8035183081954693,0.927455163272866
3195,0.8035183081954693,0.924455090249606
3196,0.8035183081954693,0.9027620815211835
3197,0.8029744325511884,0.9021510309655063
3198,0.7852071135161652,0.8821892432233824
3199,0.7857509891604462,0.8828002937790598
3200,0.7870200784372208,0.8842261302104788
3201,0.7835754174231437,0.8803560138540926
3202,0.7931842559930598,0.8911516547497673
3203,0.7931842559930598,0.907961950214213
3204,0.7998341587739402,0.9155741268957884
3205,0.7990952650283344,0.9147283115619712
3206,0.8207074490661955,0.9394678857770911
3207,0.8343766310359733,0.9551150661457606
3208,0.8343766310359733,0.9568096172751945
3209,0.8343766310359733,0.9716789258169303
3210,0.8454640707366243,0.9845908784024336
3211,0.8454640707366243,0.9954324780208671
3212,0.8454640707366243,0.9750549190923495
3213,0.8367172263026045,0.9649673778388272
3214,0.833739587706928,0.9615333334358949
3215,0.833739587706928,0.9494532426374663
3216,0.8353934711514669,0.9513366664577034
3217,0.8353934711514669,0.9532238264127255
3218,0.8353934711514669,0.9632018377831425
3219,0.8251603098388324,0.9514030865083988
3220,0.8251603098388324,0.9349595487763582
3221,0.8385076759854623,0.9500829705902883
3222,0.8344851572364306,0.9455251988825415
3223,0.8244289301120612,0.9341308486423688
3224,0.82369755038529,0.9333021485083796
3225,0.8246117401696491,0.934337984161269
3226,0.812361443613176,0.9204576125483229
3227,0.8057791655686549,0.9129994694008079
3228,0.8057791655686549,0.9431759606607011
3229,0.8057791655686549,1.0114602205269212
3230,0.8262376548478929,1.0371408895765142
3231,0.8262376548478929,1.0560403491039974
3232,0.8214939135628482,1.0499772240777723
3233,0.8214939135628482,1.0558089904864612
3234,0.8214939135628482,1.0318429809315899
3235,0.8557482131270209,1.0748683253540785
3236,0.8776384629128354,1.1023637215090787
3237,0.8776384629128354,1.1061957499973483
3238,0.8428582945945583,1.0623580240957526
3239,0.8485533360201593,1.0695361855908059
3240,0.8495702827642819,1.0708179687097779
3241,0.8530279172119117,1.0751760508730392
3242,0.85262112299665,1.0746633180666938
3243,0.8629941815156661,1.0877377601440448
3244,0.834519207151851,1.051847246050129
3245,0.8328921078788672,1.0497964126185304
3246,0.8330954661924664,1.0500527301248113
3247,0.7987221696775143,1.0067278348233446
3248,0.8398074543621901,1.0585126747388365
3249,0.8674688402954818,1.0933777232200614
3250,0.8674688402954818,1.1105634603394554
3251,0.8674688402954818,1.0759704983737322
3252,0.8674688402954818,1.088274520986529
3253,0.8445928206486767,1.0595756350245558
3254,0.8445928206486767,1.0413544403336013
3255,0.8619024752690695,1.0626966602280858
3256,0.8619024752690695,1.0666362177832984
3257,0.8619024752690695,1.0723507726418797
3258,0.855678600377922,1.0646072317659065
3259,0.8665201592512506,1.078095943503075
3260,0.8378101477463605,1.0423758894329032
3261,0.8378101477463605,1.0244546944604223
3262,0.8241952663555777,1.0078067352624729
3263,0.8241952663555777,1.0404371909490733
3264,0.8392695593434284,1.0594664861804977
3265,0.8392695593434284,1.1157980887205068
3266,0.8392695593434284,1.1593630350570434
3267,0.8350341474228314,1.1535122568841505
3268,0.8350341474228314,1.1535122568841505
3269,0.8851896967453128,1.2227968976054886
3270,0.9190725669362282,1.2696025356554552
3271,0.9190725669362282,1.2789081742879234
3272,0.9190725669362282,1.326887476592185
3273,0.9877991758392537,1.4261097577729496
3274,0.9877991758392537,1.3865410469930377
3275,0.9921027870350118,1.3925818837533515
3276,0.9921027870350118,1.4012195533290654
3277,0.9921027870350118,1.4257851142216336
3278,1.0162212497805734,1.460446588425634
3279,1.0145979002174987,1.4581136168097317
3280,1.0282804811533544,1.477777325527634
3281,1.0250337820272049,1.4731113822958297
3282,1.0250337820272049,1.4482100877946265
3283,1.0501125082128437,1.483642348553148
3284,1.0911503210060265,1.5416222663960286
3285,1.0911503210060265,1.517836693771477
3286,1.0911503210060265,1.5313831910191869
3287,1.0911503210060265,1.5503686147106115
3288,1.0911503210060265,1.5497173212512727
3289,1.0911503210060265,1.529161504883844
3290,1.0911503210060265,1.5147206733199274
3291,1.0911503210060265,1.4981125403176743
3292,1.0911503210060265,1.5122369589291076
3293,1.0922685149503786,1.5137866759363308
3294,1.0922685149503786,1.513167019241753
3295,1.0922685149503786,1.4713102782829035
3296,1.0922685149503786,1.4795545262681422
3297,1.0922685149503786,1.4701399908085613
3298,1.0922685149503786,1.456527658164878
3299,1.0991544442191283,1.4657099666309943
3300,1.1081920878646199,1.4777615617782687
3301,1.1081920878646199,1.4562710079579673
3302,1.1081920878646199,1.4948874613962397
3303,1.1081920878646199,1.5196628923521363
3304,1.1081920878646199,1.4864202987799247
3305,1.1101400850427117,1.489033151352317
3306,1.1008329965881332,1.4765495347005475
3307,1.1058111932506471,1.483226799997341
3308,1.111222287349042,1.490484711504326
3309,1.1058111932506471,1.483226799997341
3310,1.1058111932506471,1.4137697685714192
3311,1.120252773492784,1.4322332003772715
3312,1.1219032757834424,1.4343433528659901
3313,1.1219032757834424,1.3930986019401104
3314,1.1219032757834424,1.401358125668825
3315,1.1219032757834424,1.3785717662894348
3316,1.1219032757834424,1.391359100074127
3317,1.1219032757834424,1.3824813114550762
3318,1.1219032757834424,1.4156006392183607
3319,1.1381923151529332,1.4361539035161246
3320,1.1381923151529332,1.4315442720526472
3321,1.1381923151529332,1.4310340032358806
3322,1.1381923151529332,1.4488540988815357
3323,1.1478467417724953,1.4611436350116618
3324,1.1478467417724953,1.4603596513674593
3325,1.1457937472631878,1.4577477082946044
3326,1.1457937472631878,1.465098206199958
3327,1.1457937472631878,1.455921618588791
3328,1.1457937472631878,1.455921618588791
3329,1.1457937472631878,1.415887624401628
3330,1.165734467164327,1.4405288991486067
3331,1.1733119620257466,1.4498926098721794
3332,1.1832823219763162,1.4622132472456688
3333,1.1832823219763162,1.4327564786506344
3334,1.1832823219763162,1.4203263070543366
3335,1.1832823219763162,1.4115459995379112
3336,1.1832823219763162,1.4191647886958367
3337,1.1832823219763162,1.3898403634555243
3338,1.1832823219763162,1.36965645468988
3339,1.1832823219763162,1.3485815861567807
3340,1.1832823219763162,1.357230312849682
3341,1.1832823219763162,1.3792359644751027
3342,1.2271075559563323,1.4303187346087922
3343,1.2295528346079894,1.4331689557241518
3344,1.2609640461139309,1.4697819193357182
3345,1.2609640461139309,1.4732982246475257
3346,1.2609640461139309,1.4900073387315813
3347,1.2575318077570108,1.4859516637455676
3348,1.2575318077570108,1.562974585275927
3349,1.28500895628133,1.5971256775619849
3350,1.28500895628133,1.5332311200079012
3351,1.3354543728621306,1.59342095929686
3352,1.3138898896963485,1.5676909155372079
3353,1.3000270181537759,1.5511501856396872
3354,1.3000270181537759,1.5424691159596824
3355,1.3000270181537759,1.5041456191087583
3356,1.3000270181537759,1.5130548032402886
3357,1.2936413733118919,1.505622780317011
3358,1.284438679718938,1.494912095424214
3359,1.2771140663894773,1.4863872407671492
3360,1.2771140663894773,1.5972555992721404
3361,1.3023415097172595,1.6288069510042043
3362,1.304157965704429,1.6310787484674805
3363,1.2268610423938413,1.534405360542636
3364,1.2268610423938413,1.448167954802476
3365,1.2268610423938413,1.505673964865841
3366,1.278747637729702,1.5693521590729855
3367,1.2868673716132522,1.5793171603955851
3368,1.2702318892851399,1.5589011460558098
3369,1.258349488246732,1.5443183846301827
3370,1.258349488246732,1.5428615397403678
3371,1.258349488246732,1.5788574282240107
3372,1.258349488246732,1.5640100246753046
3373,1.2667732126142481,1.5744799215353997
3374,1.267575493937752,1.575477081739532
3375,1.26256135043049,1.5692449731053522
3376,1.2691799800750014,1.5774713070533652
3377,1.2770020317047686,1.5871933813075767
3378,1.2770020317047686,1.5178221222949868
3379,1.2770020317047686,1.509659336658557
3380,1.273758862568771,1.5058252937635856
3381,1.273758862568771,1.4995368416616826
3382,1.264640167533292,1.488801827715634
3383,1.2408937319517468,1.4608462577415329
3384,1.2408937319517468,1.4590592489833991
3385,1.254365190561193,1.474899168047616
3386,1.2456372094096972,1.464636692465591
3387,1.2456372094096972,1.447657388527012
3388,1.2456372094096972,1.4293653321467044
3389,1.2695241310796874,1.4567755102217221
3390,1.2452669319619523,1.4289404397758887
3391,1.2452669319619523,1.4280909981791077
3392,1.2761718727842184,1.4635332528915173
3393,1.2761718727842184,1.482233179726749
3394,1.2797329799148418,1.4863692927834142
3395,1.280482694205151,1.4872400621680955
3396,1.2847935156260837,1.4922469446094417
3397,1.29922512248274,1.5090087985382856
3398,1.29922512248274,1.5600967142896898
3399,1.3313907966179073,1.5987209385775432
3400,1.3459235154473137,1.6161716840281295
3401,1.3459235154473137,1.6338129120760427
3402,1.305767248786242,1.5850673286765111
3403,1.2754050659282397,1.548210757093592
3404,1.301457762244008,1.5798360546283867
3405,1.3410263988217095,1.6278683154603908
3406,1.3410263988217095,1.6233628683030625
3407,1.3410263988217095,1.6181771299782803
3408,1.3410263988217095,1.6044322610849697
3409,1.3443084609482836,1.6083589894203607
3410,1.3443084609482836,1.6083589894203607
3411,1.3775155884082677,1.6480886969351212
3412,1.3767433125026205,1.6471647297570198
3413,1.3767433125026205,1.6338755578635875
3414,1.3690830060563817,1.6247845476842802
3415,1.3690830060563817,1.6083611448311195
3416,1.3690830060563817,1.6083611448311195
3417,1.3747700543492378,1.615042133100308
3418,1.3779928741429794,1.6188282133526497
3419,1.381215549305397,1.622614123696081
3420,1.4026370393413379,1.6477795023369546
3421,1.4102199150298036,1.6566876566047832
3422,1.4102199150298036,1.686384656209707
3423,1.4185176022032335,1.6963072875540564
3424,1.4185176022032335,1.6648271000197257
3425,1.4185176022032335,1.666830054821699
3426,1.4185176022032335,1.6584060152009465
3427,1.4254978465098982,1.6665667028989808
3428,1.4371946782812008,1.6802416098146178
3429,1.4371946782812008,1.7139904368690178
3430,1.4371946782812008,1.7121562692734913
3431,1.4371946782812008,1.7037243581507429
3432,1.450776562256875,1.719825020718327
3433,1.450776562256875,1.712373984620467
3434,1.450776562256875,1.750054010591533
3435,1.4293643519937438,1.7242247234211308
3436,1.4427957136774672,1.740426810630025
3437,1.4706316315729269,1.7740049376957558
3438,1.463040031102465,1.7648472829639528
3439,1.463040031102465,1.7341604386874212
3440,1.4299500445197257,1.6949384458310515
3441,1.405275929834343,1.6656918957453482
3442,1.407571101293163,1.668412392423003
3443,1.407571101293163,1.789251776948023
3444,1.407571101293163,1.7704176575334258
3445,1.407571101293163,1.6998263345188427
3446,1.407571101293163,1.6638902334349253
3447,1.407571101293163,1.656929343816109
3448,1.407571101293163,1.6480330449463108
3449,1.407571101293163,1.6484755144290724
3450,1.407571101293163,1.642741040376955
3451,1.4322423014250845,1.6715341812242104
3452,1.437515491168199,1.6776883891336727
3453,1.3727302601901747,1.6020791658126439
3454,1.363690547397305,1.591529143022019
3455,1.325459634392435,1.5469108002992378
3456,1.325459634392435,1.527164770349023
3457,1.314489983210995,1.514525785054694
3458,1.283626500164863,1.4789655742604044
3459,1.313188513597897,1.5130262610471492
3460,1.3282485383775162,1.5303780827754363
3461,1.3258314220606562,1.5275931357358108
3462,1.3124447964119053,1.5121693668377154
3463,1.3124447964119053,1.535664318613319
3464,1.3124447964119053,1.5463426329852237
3465,1.2972347450168453,1.5284219166348072
3466,1.2633920651678123,1.4885479510340436
3467,1.239246034237373,1.460098726238306
3468,1.239246034237373,1.384279787953448
3469,1.280704502028278,1.4305903004884237
3470,1.3023349232530936,1.454752213521987
3471,1.3023349232530936,1.4789059783071599
3472,1.3322040995166113,1.512824828638598
3473,1.3452147445593008,1.5275994617930269
3474,1.3452147445593008,1.5363897159411553
3475,1.3194125422009328,1.5069206378535402
3476,1.3459519664107618,1.5372317079543507
3477,1.3382113478864586,1.528391032706133
3478,1.3212556671349305,1.5090256981833068
3479,1.3380270072709208,1.5281804945544453
3480,1.3380270072709208,1.552776855304874
3481,1.3655553686149642,1.584723446911186
3482,1.3655553686149642,1.5720041829531375
3483,1.3655553686149642,1.570081973407654
3484,1.3655553686149642,1.5313812914003424
3485,1.3693555989447426,1.5356430018837024
3486,1.363383749255942,1.5289459619110504
3487,1.3376868747985753,1.500128593025168
3488,1.3456493410503092,1.5090579796553707
3489,1.3787658114358246,1.5461959415067668
3490,1.3979479658808052,1.5677074767553079
3491,1.4131488871999187,1.5847543186887474
3492,1.4392077672494623,1.6139776532381127
3493,1.4392077672494623,1.6229567168451706
3494,1.4392077672494623,1.6322436646500762
3495,1.4392077672494623,1.6347382358577078
3496,1.4392077672494623,1.619067138852672
3497,1.4392077672494623,1.579616507721076
3498,1.4392077672494623,1.5547437571172562
3499,1.4134080893236176,1.526872945755876
3500,1.4134080893236176,1.5106634026583665
3501,1.4209968999784675,1.5187743924090136
3502,1.4209968999784675,1.4958974175855826
3503,1.4209968999784675,1.5000218653825745
3504,1.4169087169539691,1.4957063289260726
3505,1.4169087169539691,1.4811053916252865
3506,1.4314151736372176,1.4962691004442479
3507,1.4224751749424471,1.4869240522350642
3508,1.4224751749424471,1.4738164709565547
3509,1.4348473960057802,1.4866352417208273
3510,1.414617099551588,1.4656747746056604
3511,1.414617099551588,1.4499093340800968
3512,1.414617099551588,1.442153118440903
3513,1.414617099551588,1.4353095067575616
3514,1.3848184578385336,1.405074983399427
3515,1.3848184578385336,1.4094075557259218
3516,1.3858038198744278,1.4104104140360878
3517,1.3858038198744278,1.4049159266768523
3518,1.3858038198744278,1.4047500607622099
3519,1.3858038198744278,1.4515237219581216
3520,1.361295814483099,1.4258534570236414
3521,1.3984804010670844,1.464801473145253
3522,1.4101428970292413,1.4770170474592605
3523,1.432960717385453,1.5009169725824438
3524,1.432960717385453,1.5397838824198338
3525,1.4369489286365038,1.5440694035297622
3526,1.424810992175325,1.5310266182656551
3527,1.424810992175325,1.5332656884867748
3528,1.424810992175325,1.526197427559589
3529,1.424810992175325,1.567070955809963
3530,1.424810992175325,1.5485531478035675
3531,1.424810992175325,1.5946819038257318
3532,1.439440139520343,1.6110551888913416
3533,1.439440139520343,1.5599695959981679
3534,1.439440139520343,1.5611075214357408
3535,1.4399651419161672,1.5616768991864307
3536,1.4399651419161672,1.7669798020043712
3537,1.4399651419161672,1.7496564418177216
3538,1.3836919423669292,1.6812806435244387
3539,1.3836919423669292,1.7227816141813923
3540,1.3836919423669292,1.7029995352191587
3541,1.3836919423669292,1.6978817854007602
3542,1.3836919423669292,1.6235354615168485
3543,1.4283760385177977,1.6759649166907122
3544,1.4355708814912767,1.6844068844075344
3545,1.4355708814912767,1.716094230099455
3546,1.4496527356754931,1.7329278041334535
3547,1.4349922013636434,1.715402470715848
3548,1.4216819697402563,1.6994913011702146
3549,1.4251541976780115,1.7036420334025248
3550,1.4471449255598086,1.7299299455635995
3551,1.4182097418025013,1.6953405689379046
3552,1.379629496792758,1.6492214001036447
3553,1.4270833276660626,1.7059481325887715
3554,1.4523533410524188,1.7361561318773984
3555,1.4824458850649929,1.7721290272703079
3556,1.4824458850649929,1.7326732275511245
3557,1.4824458850649929,1.7252103981470663
3558,1.4824458850649929,1.7188957121223034
3559,1.4824458850649929,1.7169454559460293
3560,1.4824458850649929,1.7195469480973447
3561,1.4824458850649929,1.7243366327321512
3562,1.5015911086915394,1.7466057831771646
3563,1.5166070770596098,1.7640719076366593
3564,1.5389431474234332,1.7900525553942905
3565,1.5389431474234332,1.7953077087805878
3566,1.5223772056142708,1.7759821325999514
3567,1.5760284058823553,1.838570808203652
3568,1.5760284058823553,1.817942053099211
3569,1.5723057074255709,1.813647936286128
3570,1.6019015435889834,1.84778660723729
3571,1.6288916044421213,1.8789195274673387
3572,1.6288916044421213,1.859161548207862
3573,1.6288916044421213,1.8604238172921315
3574,1.6288916044421213,1.8707959153978284
3575,1.5988676097737196,1.836313101172256
3576,1.634636881767159,1.8773944154595863
3577,1.634636881767159,1.8406645553508356
3578,1.6233709928534845,1.827978727299836
3579,1.6233709928534845,1.8139688439078836
3580,1.6446481037382303,1.8377440723696539
3581,1.6460906523739103,1.8393559887414905
3582,1.613273427541744,1.802685736746639
3583,1.6428449867281352,1.835729253765261
3584,1.6817928369084265,1.8792499197592092
3585,1.6713347032222707,1.8675639103654083
3586,1.636894576782712,1.829080214022039
3587,1.6507788666553649,1.8445946400895565
3588,1.6507788666553649,1.8474197370528591
3589,1.7054978005845642,1.9086567934346808
3590,1.7054978005845642,1.8682996057216021
3591,1.6489306304028921,1.806332699806519
3592,1.6759767483775592,1.8359605606756746
3593,1.6759767483775592,1.8722965901884137
3594,1.6759767483775592,1.8608874767120136
3595,1.735103491412636,1.9265376808447723
3596,1.735103491412636,1.9265376808447723
3597,1.7752381619924584,1.9711004147468114
3598,1.754633331982757,1.948222251215037
3599,1.8094599805619735,2.009097930922361
3600,1.8069515807379268,2.006312779025908
3601,2.0233916276809376,2.246632683944108
3602,2.0233916276809376,2.2968697427690845
3603,2.0233916276809376,2.148101163088046
3604,2.0233916276809376,2.0591853872954027
3605,2.0233916276809376,1.98243649811313
3606,2.0233916276809376,2.282816547388399
3607,2.0233916276809376,2.3206093975511144
3608,2.0233916276809376,2.251817110203482
3609,1.9197707606438987,2.1364982375858483
3610,1.7942404208470422,1.9967964798355726
3611,1.7602986045628577,1.9590228913643635
3612,1.9151014950525473,2.1313018475213408
3613,1.9382680619700767,2.157083743154346
3614,2.076369480357035,2.310775758388957
3615,2.0738552920416122,2.3079777373882315
3616,2.0738552920416122,2.191819738534313
3617,2.0738552920416122,2.2391437418688627
3618,2.102080540328395,2.2696185721555153
3619,1.9597349626387435,2.1159279020833934
3620,1.920533295370431,2.073601820668015
3621,1.9766351253137988,2.13417502551367
3622,1.8801120259930597,2.0299589335716663
3623,1.8759304191105775,2.025444048218866
3624,1.8734912148924596,2.022810436856927
3625,1.857984788251571,2.0060681316898616
3626,1.7609388883755264,1.9012875714379665
3627,1.7524016736121142,1.8920699316711793
3628,1.7524016736121142,1.851570339095042
3629,1.7524016736121142,1.9324166399774205
3630,1.7524016736121142,1.8186582406535894
3631,1.8217340694596889,1.8906120255370191
3632,1.8217340694596889,1.841188714851414
3633,1.8455455649382804,1.8652544978292342
3634,1.749158319494711,1.7678379146179708
3635,1.7418192434502815,1.760420463181468
3636,1.7667722513162383,1.7856399489750363
3637,1.7393728432924445,1.757947937450006
3638,1.6687541139104711,1.6865750571954259
3639,1.712299563889458,1.730585537335492
