,SVM_Perf_OL,SVM_Perf_LS
2913,1.0,0.9831360932104944
2914,1.0262688956491295,1.0089619926519338
2915,1.0262688956491295,1.0251598089598868
2916,1.0262688956491295,1.0251598089598868
2917,0.9880453687632909,0.9869775901611049
2918,1.0101227560895645,1.009031118500206
2919,1.0101227560895645,0.9976407181978363
2920,0.9926928081778338,0.9804261513068513
2921,0.9926928081778338,0.9614929015300577
2922,0.9926928081778338,0.9664698901516062
2923,1.0349247617831985,1.0075862468186656
2924,1.0469681071375938,1.0193114558317997
2925,1.0469681071375938,1.0246546898572626
2926,1.0469681071375938,1.0216618092494578
2927,1.0701445648146257,1.0442780680646828
2928,1.0701445648146257,1.043336488817308
2929,1.0701445648146257,1.043336488817308
2930,1.069340500327639,1.0425525668630058
2931,1.069340500327639,1.1110535897605234
2932,1.0936748194832975,1.1363371478451454
2933,1.1007009975354627,1.1436374047275535
2934,1.1007009975354627,1.1457780946098601
2935,1.1015594971209508,1.1466717523983845
2936,1.1015594971209508,1.0979027232912173
2937,1.0935044279159243,1.089874393963921
2938,1.0935044279159243,1.086607309673548
2939,1.0935044279159243,1.0905300446300712
2940,1.0935044279159243,1.1266269269143798
2941,1.081779228670339,1.1145465687043183
2942,1.081779228670339,1.1456811568547787
2943,1.091211842443984,1.1556709658416244
2944,1.1050113330006852,1.1702856079848651
2945,1.1050113330006852,1.1598349282957205
2946,1.0937586456756085,1.1480239545916107
2947,1.0937586456756085,1.1442207682572014
2948,1.0937586456756085,1.1429586329633934
2949,1.0937586456756085,1.1384736280607568
2950,1.1110981305999168,1.1565219848792652
2951,1.1110981305999168,1.148536234098338
2952,1.1114391879938075,1.1488887833142918
2953,1.1114391879938075,1.2101480582934026
2954,1.0740859592148833,1.1694774235289422
2955,1.0740859592148833,1.1867398699870728
2956,1.0247006176143112,1.1321748201719073
2957,1.0247006176143112,1.1094839392635263
2958,1.0452374482690197,1.1317199791205357
2959,1.0459517905848617,1.1324934258355461
2960,1.0947045296044295,1.1852799470960185
2961,1.0947045296044295,1.2215477540663968
2962,1.0716988020903624,1.195876356885253
2963,1.0716988020903624,1.1875150143042492
2964,1.0918023346192423,1.2097910928741178
2965,1.0918023346192423,1.2039467497677083
2966,1.0967129982229256,1.2093618119061482
2967,1.0967129982229256,1.2170313511969604
2968,1.086097320937869,1.2052510476070168
2969,1.086097320937869,1.2183917618287556
2970,1.086097320937869,1.2018080888271228
2971,1.1039830384726745,1.2215993171023614
2972,1.1039830384726745,1.2097993210007696
2973,1.0922346652238246,1.1969248714086946
2974,1.0530132292124155,1.1539440782246584
2975,1.0530132292124155,1.107558141935947
2976,1.0573501864446109,1.1121197487234884
2977,1.0573501864446109,1.10145756458827
2978,1.0753907596093173,1.1202507005204545
2979,1.0753907596093173,1.1240219672319165
2980,1.0483249831506118,1.0957322250819788
2981,1.0483249831506118,1.1035355570270158
2982,1.0455470461785143,1.100611318576954
2983,1.198333645875115,1.2614445030497012
2984,1.1207250689722164,1.1797486305682288
2985,1.1207250689722164,1.197370747335362
2986,1.1207250689722164,1.1824965201729776
2987,1.1207250689722164,1.1847040938030218
2988,1.1207250689722164,1.1757415724930156
2989,1.0918288375367147,1.145426822223125
2990,1.0795436157649607,1.132538517710053
2991,1.0795436157649607,1.1262205218100065
2992,1.0652620863767355,1.1113214929565454
2993,1.0652620863767355,1.1319828042313338
2994,1.0647363120617575,1.131424099015901
2995,1.0647363120617575,1.1914372621148566
2996,1.0647363120617575,1.1910243476976494
2997,1.0769131586159617,1.2046454861522513
2998,1.0765441547348895,1.2042327148381025
2999,1.0765441547348895,1.2065071265145577
3000,1.0765441547348895,1.204852150908465
3001,1.0909423565686753,1.220966403512366
3002,1.0909423565686753,1.192515527782708
3003,1.070028573685546,1.1696545482977319
3004,1.0590308648736184,1.1576328878962543
3005,1.0712906069717614,1.1710340843303453
3006,1.0712906069717614,1.1614562397580674
3007,1.062528560620921,1.151956732023187
3008,1.054303010634837,1.1430388750993925
3009,1.054303010634837,1.1288705220790114
3010,1.0802631893780754,1.1566667820114362
3011,1.0802631893780754,1.1472889093314116
3012,1.0802631893780754,1.140814324661336
3013,1.0724250846407724,1.1325368768593247
3014,1.0724250846407724,1.1321691019621773
3015,1.0724250846407724,1.1504750777167387
3016,1.0657013975671334,1.1432620476231925
3017,1.0653475121951805,1.1428824068383663
3018,1.0993197654385947,1.1793271256818476
3019,1.0993197654385947,1.1637801245829573
3020,1.0780178708752446,1.1412291596242787
3021,1.0876211910955258,1.1513955857668214
3022,1.0876211910955258,1.147343369338141
3023,1.0818795042414697,1.1412864017148991
3024,1.0818795042414697,1.1434931878275294
3025,1.087283629242856,1.149205080973695
3026,1.087283629242856,1.1508657848058983
3027,1.105090787580748,1.1697142698787142
3028,1.0900769050646657,1.1538224057688065
3029,1.0900769050646657,1.1828052801207043
3030,1.1167427468356907,1.2117394757715703
3031,1.1448402745417126,1.2422271450127134
3032,1.1448402745417126,1.2535931968447136
3033,1.1448402745417126,1.2484724285598756
3034,1.1559918120618942,1.2606334150656753
3035,1.1559918120618942,1.2647659763068348
3036,1.1559918120618942,1.2977880018958003
3037,1.1554363364400853,1.2971643905606618
3038,1.1261800626804552,1.2643194857185556
3039,1.1261800626804552,1.220570011675601
3040,1.1261800626804552,1.2130606006618756
3041,1.1439459575144022,1.2321970671761815
3042,1.1414587430810914,1.229517973544151
3043,1.1430576085554967,1.2312401854506052
3044,1.1430576085554967,1.243220142896312
3045,1.1516681352021816,1.252585182845289
3046,1.1516681352021816,1.2329954524832802
3047,1.1516681352021816,1.2307310900390698
3048,1.1516681352021816,1.2165804352864658
3049,1.1516681352021816,1.215293443272627
3050,1.1516681352021816,1.2085356749268639
3051,1.1516681352021816,1.2158446576681836
3052,1.1560212805976684,1.220440381393948
3053,1.1560212805976684,1.205729759753597
3054,1.1560212805976684,1.1929481501796202
3055,1.1601062550534664,1.1971636112635682
3056,1.1601062550534664,1.1922658272510762
3057,1.1590891248454356,1.1912205009427166
3058,1.1229841708888308,1.1541146732571745
3059,1.1229841708888308,1.114578699766763
3060,1.1229841708888308,1.1095645485407208
3061,1.112554368052553,1.0992593814908203
3062,1.0664356839242717,1.0536918140570009
3063,1.0664356839242717,1.0548201313634678
3064,1.060073296768773,1.0485270429416205
3065,1.060073296768773,1.0612662618210242
3066,1.060073296768773,1.0564939219583913
3067,1.060073296768773,1.064582668284096
3068,1.0703428023246309,1.07489585857003
3069,1.0703428023246309,1.0710836540852573
3070,1.0703428023246309,1.0753952201780446
3071,1.047474398374015,1.0524188688182918
3072,1.0280859606922346,1.0329389104681046
3073,1.0280859606922346,1.0559158411798444
3074,1.0280859606922346,1.0803022805260807
3075,1.0280859606922346,1.0768531802820926
3076,1.0280859606922346,1.0714517552200293
3077,1.001958371744035,1.0442220758852716
3078,1.001958371744035,1.0465561540415775
3079,1.001958371744035,1.0458368550078376
3080,1.001958371744035,1.1280153223145888
3081,1.0264688381519058,1.1556094643915995
3082,1.0199698776776056,1.148292866016991
3083,1.0199698776776056,1.1579901976717872
3084,0.9974994425030388,1.132479107355263
3085,1.0113561620491331,1.1482108909671473
3086,1.044687334940166,1.186052372690708
3087,1.044687334940166,1.1744739577399268
3088,1.0628590265846223,1.1949032076127766
3089,1.0628590265846223,1.1860060865057807
3090,1.0628590265846223,1.1585225428475037
3091,1.066274889466393,1.1622458533269036
3092,1.0517126890823874,1.1463729699092928
3093,1.0517126890823874,1.1911690878949117
3094,1.0264940293183495,1.1626064507213787
3095,1.0264940293183495,1.1956807971035983
3096,1.0024791026981144,1.1677077297660952
3097,1.0024791026981144,1.2060765863708018
3098,1.0016853560326036,1.2051216345257152
3099,1.0290690104259401,1.2380667446274454
3100,1.0145834744116853,1.2206392832661037
3101,1.0145834744116853,1.2484754103151585
3102,1.0145834744116853,1.378645620191858
3103,1.0145834744116853,1.8163936771985034
3104,1.0990336869997444,1.9675836345077995
3105,1.0990336869997444,2.0461990333854323
3106,1.020114542883001,1.8992660700764346
3107,1.039460398890601,1.9352845036613318
3108,0.9227706233871031,1.7180295562783805
3109,0.8822362815505315,1.6425620505358318
3110,0.8822362815505315,1.8967366781267678
3111,0.8822362815505315,1.6575626307743994
3112,0.8822362815505315,1.7491033269334755
3113,0.8822362815505315,1.7458677677098389
3114,0.8822362815505315,1.7381512936663461
3115,0.8900350479821801,1.7535161525433218
3116,0.8559154370963314,1.6862948796929222
3117,0.8100976455734668,1.5960262574725372
3118,0.8100976455734668,1.7481957243290276
3119,0.809385768438941,1.746659489074394
3120,0.8100976455734666,1.7481957243290274
3121,1.0656556984709655,2.2996915814451095
3122,1.0656556984709655,2.0185507459574548
3123,1.0656556984709655,2.0832910367945328
3124,1.0656556984709655,2.160425646800534
3125,1.0656556984709655,2.0966128762702994
3126,1.0215237741831722,2.0097859950842514
3127,1.0215237741831722,1.9933227051506168
3128,1.0215237741831722,2.1374345064148197
3129,0.9556078881131457,1.9995122250468296
3130,0.9556078881131457,1.990168770192407
3131,0.9645388109153099,2.0087684949026765
3132,0.878321124208019,1.8292097557404405
3133,0.878321124208019,2.419704763614142
3134,0.878321124208019,2.296165486943239
3135,0.9197147148007441,2.4043793639411044
3136,0.9197147148007441,2.3920433942133945
3137,0.9197147148007441,2.5655533885259003
3138,0.9413387913083844,2.6258739660540518
3139,0.9413387913083844,2.38355708780811
3140,0.9413387913083844,2.126053738352842
3141,0.94208383311273,2.127736446988653
3142,1.0132336912525122,2.288431430854246
3143,1.0132336912525122,2.0098591554804934
3144,0.9723379165626013,1.9287379414006698
3145,0.9638315879388598,1.9118647140183285
3146,0.9638315879388598,1.8186481747943861
3147,0.9638315879388598,1.9008955221029546
3148,0.9752167189886727,1.9233495948911536
3149,0.9752167189886727,1.9754031832620107
3150,1.040030664208518,2.106690589654947
3151,1.0858013973022047,2.1994039836042103
3152,1.0858013973022047,2.053450923503336
3153,1.080810646051574,2.0440124914014377
3154,1.115122046026048,2.108901683973241
3155,1.1247916786317869,2.1271887446212814
3156,1.0957828998034662,2.0723277877071324
3157,1.0957828998034662,2.0127420813126147
3158,1.0524606498623346,1.933167454322818
3159,1.069123071465478,1.963773112745882
3160,1.069123071465478,1.9615497128498542
3161,1.069123071465478,1.962105196644313
3162,1.069123071465478,1.7513660723064104
3163,1.0750671801998293,1.7611033145802801
3164,1.0804709060431033,1.7699553376621344
3165,1.1428836354837997,1.8721957061845762
3166,1.1428836354837997,1.941026431963756
3167,1.1428836354837997,1.9231150159385013
3168,1.158147965811793,1.9488001005355724
3169,1.158147965811793,2.1095571702392717
3170,1.1635556698691363,2.1194072595244555
3171,1.1932980421845245,2.1735827505929683
3172,1.230550987241785,2.241438689279515
3173,1.230550987241785,2.2552033585234796
3174,1.2547327576445508,2.2995207499950823
3175,1.2547327576445508,2.262458060669352
3176,1.2547327576445508,2.215717233415209
3177,1.241626196032983,2.192572516536943
3178,1.1740547129528014,2.073248860853287
3179,1.1740547129528014,2.035874932555891
3180,1.1731967297890762,2.0343871429356017
3181,1.1731967297890762,2.00073275872003
3182,1.1731967297890762,2.027960107899523
3183,1.1726265117873134,2.026974442553704
3184,1.1726265117873134,1.9325327345109062
3185,1.1726265117873134,1.9343263094854717
3186,1.1720824608676714,1.9334288608972086
3187,1.1777959296059954,1.942853611905198
3188,1.1777959296059954,1.9859772767053712
3189,1.2025478112868226,2.0277134326371264
3190,1.2025478112868226,2.052395358738614
3191,1.207614734667789,2.0610431064061694
3192,1.2326677961726107,2.1038013125016652
3193,1.2208449391563816,2.083623173520918
3194,1.2143705609211295,2.0725733144500085
3195,1.2143705609211295,2.065869086002492
3196,1.2143705609211295,2.0173919705783883
3197,1.2143705609211295,2.0187584030739774
3198,1.1875003290582362,1.9740895778311978
3199,1.1883228540907187,1.9754569358473566
3200,1.1902421488956596,1.9786475538021526
3201,1.1850326493670662,1.9699873299070836
3202,1.1850326493670662,1.9461223955052305
3203,1.1850326493670662,1.9828331980987621
3204,1.1949677329884552,1.9994568866029556
3205,1.1949677329884552,2.0013057102073186
3206,1.227286611218495,2.0554326575413007
3207,1.2477275174596962,2.089666638303293
3208,1.2455177381726126,2.0859657484939267
3209,1.2264579571574763,2.0540448459223577
3210,1.2264579571574763,2.027108043804019
3211,1.2264579571574763,2.049429085239918
3212,1.2520895588303238,2.0922598644468677
3213,1.2520895588303238,2.1141318553352706
3214,1.2520895588303238,2.121682319175076
3215,1.2680201543343406,2.1486769239750534
3216,1.2680201543343406,2.1444230468321943
3217,1.2680201543343406,2.1486769239750534
3218,1.2548844656120413,2.1264183256857065
3219,1.2548844656120413,2.1527889369298827
3220,1.2769546611479328,2.190650966533041
3221,1.2769546611479328,2.155780181938945
3222,1.2769546611479328,2.1661718181776988
3223,1.2615663154252208,2.140067680069187
3224,1.2615663154252208,2.141967894673915
3225,1.2615663154252208,2.139593243583775
3226,1.242824693475433,2.107807797819038
3227,1.2327545236546367,2.090728975210292
3228,1.1933130963279701,2.0238370406416424
3229,1.1933130963279701,2.1703592381680177
3230,1.2236109548867367,2.2254640027281933
3231,1.2236109548867367,2.2660178631266645
3232,1.2236109548867367,2.279103051358118
3233,1.2236109548867367,2.2917616084316053
3234,1.2520310462942343,2.344991006334347
3235,1.3042376978778145,2.442771431825135
3236,1.3042376978778145,2.3818432944747836
3237,1.2997196222896967,2.373592230990728
3238,1.2482126873272386,2.2795285124991516
3239,1.2482126873272386,2.264229522137027
3240,1.2497086048782833,2.266943082667333
3241,1.2497086048782833,2.257754332410406
3242,1.2491126405247497,2.2566776485371416
3243,1.264309447368411,2.2841325739142637
3244,1.2225928519696838,2.2087663456373434
3245,1.2225928519696838,2.2130812888108715
3246,1.2225928519696838,2.212541076437844
3247,1.172148997305726,2.1212522223290886
3248,1.172148997305726,2.017475754295018
3249,1.172148997305726,1.9531435583032817
3250,1.1540102368909901,1.9229190705111316
3251,1.1540102368909901,1.8630220284735493
3252,1.140963006825148,1.8419587170347247
3253,1.140963006825148,1.8918486554397516
3254,1.1609271115308215,1.924951450551035
3255,1.1609271115308215,1.8862925004654576
3256,1.1566392961566283,1.8793255910846818
3257,1.1566392961566283,1.889394168363736
3258,1.1482871003107857,1.8757506840237141
3259,1.162836046838144,1.899516688530018
3260,1.162836046838144,1.9646091753280384
3261,1.162836046838144,1.9308323540942571
3262,1.1439393136137799,1.899455253259191
3263,1.1439393136137799,1.9609552296946655
3264,1.1439393136137799,1.9257341099252308
3265,1.0861869878159502,1.8285124982603098
3266,1.0453717501338915,1.7598031755946293
3267,1.0453717501338915,1.7687291475094566
3268,1.0453717501338915,1.7687291475094566
3269,1.0453717501338915,1.6685115531088464
3270,1.0853859927773277,1.7323780447477517
3271,1.0853859927773277,1.7450756281303508
3272,1.0461392114315422,1.681974941310319
3273,1.0461392114315422,1.564950715330468
3274,1.0461392114315422,1.5215297360529485
3275,1.0461392114315422,1.5149295404962706
3276,1.0396903970276359,1.50559091774425
3277,1.0396903970276359,1.5319862711928025
3278,1.0649657358688565,1.5692295430506524
3279,1.0632645200535156,1.5667227975032383
3280,1.0776034052894667,1.5878511789795775
3281,1.074200973658785,1.582837687884749
3282,1.074200973658785,1.5560815933440941
3283,1.1004826363308748,1.5941530646323971
3284,1.1434888857171939,1.6564516797983093
3285,1.1434888857171939,1.6308944128933553
3286,1.1333736714886469,1.6164676470746304
3287,1.1333736714886469,1.6365079108983227
3288,1.1333736714886469,1.6358204312316091
3289,1.148609093641501,1.6578100145994163
3290,1.15955954196258,1.6736150112614958
3291,1.15955954196258,1.6552646835798406
3292,1.1487291596743705,1.6398043741583859
3293,1.1487291596743705,1.6381256483725481
3294,1.1487291596743705,1.6374550944954998
3295,1.1487291596743705,1.5921603366462367
3296,1.1423283086803098,1.5832886361346776
3297,1.1423283086803098,1.573214031418866
3298,1.15300421506553,1.5879168848767706
3299,1.1602730371205834,1.5979275033320794
3300,1.1602730371205834,1.5848959183707818
3301,1.1773954751930469,1.6082846220167355
3302,1.1773954751930469,1.6509320742301024
3303,1.1582001125568768,1.6240165301158063
3304,1.1582001125568768,1.5884912029285163
3305,1.1602360146135988,1.5912834773136286
3306,1.1602360146135988,1.6047371220767936
3307,1.1602360146135988,1.5975128354769703
3308,1.165913427077625,1.60532998575445
3309,1.165913427077625,1.6131853878926372
3310,1.165913427077625,1.5376426130567877
3311,1.1811399254304138,1.5577237890439035
3312,1.182880134603414,1.5600188306120792
3313,1.182880134603414,1.5151602631151733
3314,1.1759083075158026,1.5062299961714305
3315,1.1759083075158026,1.4817383995038056
3316,1.1759083075158026,1.4954826846831328
3317,1.1759083075158026,1.4859405189278219
3318,1.1483968105743425,1.4511755225583027
3319,1.1650705125440424,1.4722453025734175
3320,1.1650705125440424,1.4675198283383206
3321,1.1650705125440424,1.4669967361636622
3322,1.1507407964025105,1.4489534962194324
3323,1.1605016623204216,1.4612438754621784
3324,1.1605016623204216,1.46045983803348
3325,1.1584260337072263,1.4578477157706098
3326,1.1584260337072263,1.4651987179502892
3327,1.1584260337072263,1.4560215007875474
3328,1.1584260337072263,1.4560215007875474
3329,1.1584260337072263,1.4159847601040667
3330,1.1584260337072263,1.391763330369557
3331,1.1659560223667396,1.4008100556584135
3332,1.1758638743326055,1.412713608105947
3333,1.1758638743326055,1.3842540260829965
3334,1.1758638743326055,1.3722446474248153
3335,1.1758638743326055,1.363761575660027
3336,1.1758638743326055,1.3711224494183285
3337,1.200673581391278,1.4000519429202407
3338,1.2183672781873907,1.4206837740530074
3339,1.2183672781873907,1.398823749473301
3340,1.2183672781873907,1.407794689329607
3341,1.1989282796648957,1.3853333844539801
3342,1.1989282796648957,1.3358572326534905
3343,1.2013174049806858,1.3385192186846364
3344,1.2013174049806858,1.305176071104462
3345,1.198450233418519,1.3020610211608115
3346,1.198450233418519,1.316828083105913
3347,1.1951881524157533,1.3132437875264835
3348,1.1951881524157533,1.3813145570304664
3349,1.221303088177903,1.4114963663558526
3350,1.221303088177903,1.3550280889469173
3351,1.221303088177903,1.3038432953555679
3352,1.201581882855938,1.282789257595181
3353,1.201581882855938,1.296468313834711
3354,1.208344427365501,1.3037648824686414
3355,1.208344427365501,1.2713721240978875
3356,1.2012294418576046,1.2638860182879552
3357,1.2012294418576046,1.2701247853836208
3358,1.192684147376222,1.2610893838683017
3359,1.192684147376222,1.2683220910741952
3360,1.192684147376222,1.3629251557644164
3361,1.192684147376222,1.3365241565867736
3362,1.1943476574802454,1.3383882892187402
3363,1.1943476574802454,1.4227118542980197
3364,1.2654702390781665,1.5074333667604112
3365,1.2171382986970347,1.4498601600891379
3366,1.2686136982655523,1.5111778683059922
3367,1.2686136982655523,1.5016428047772832
3368,1.2686136982655523,1.5213089401913988
3369,1.2567464346164776,1.507077835553613
3370,1.2567464346164776,1.5056561218285605
3371,1.2567464346164776,1.5407839855156515
3372,1.2686769345357618,1.5554109004672254
3373,1.2771697935608366,1.5658232325149948
3374,1.2779786593168487,1.5668149102066653
3375,1.272923364048299,1.56061706649111
3376,1.272923364048299,1.5524786254960055
3377,1.272923364048299,1.5429691903805982
3378,1.272923364048299,1.4755308324495955
3379,1.2798061092478406,1.483509083961548
3380,1.2798061092478406,1.4872863066490298
3381,1.285173099370477,1.4935233849530312
3382,1.285173099370477,1.5042924437140759
3383,1.261041112265511,1.4760460029259923
3384,1.261041112265511,1.474240400782263
3385,1.2747312959704242,1.4902451302994912
3386,1.2747312959704242,1.500687040118905
3387,1.2896823819703536,1.5182883189662377
3388,1.2896823819703536,1.4991037966115723
3389,1.314413934467803,1.527851312095487
3390,1.2892990116782732,1.4986581738222715
3391,1.2892990116782732,1.4977672881304929
3392,1.321296737334848,1.5349387637532095
3393,1.3046271925872752,1.515573900672734
3394,1.3082677031622276,1.5198030496923702
3395,1.3082677031622276,1.518913214890255
3396,1.3082677031622276,1.5138168600724182
3397,1.3082677031622276,1.4970015988836605
3398,1.2654263398113246,1.447979835769246
3399,1.2654263398113246,1.4129974341558653
3400,1.2654263398113246,1.3977404792237453
3401,1.2654263398113246,1.4129974341558653
3402,1.227671744577494,1.3708399853066893
3403,1.1991254672580767,1.3389647071193769
3404,1.1991254672580767,1.3121611934717532
3405,1.1991254672580767,1.2734442603513711
3406,1.202453494856358,1.2769785507647113
3407,1.2063069723629452,1.2810708571556157
3408,1.2063069723629452,1.2701893840162188
3409,1.2063069723629452,1.2670882799229548
3410,1.2063069723629452,1.2670882799229548
3411,1.236105185013386,1.2983879133305827
3412,1.236105185013386,1.2991162362449142
3413,1.236105185013386,1.288635087237095
3414,1.236105185013386,1.2958452707116865
3415,1.248727383384441,1.309077490965612
3416,1.248727383384441,1.309077490965612
3417,1.248727383384441,1.3036621948681593
3418,1.248727383384441,1.3006132180520877
3419,1.2516477487931277,1.3036549274777154
3420,1.27105975135331,1.323873517583592
3421,1.2779312995990701,1.3310305853277908
3422,1.2779312995990701,1.3548900102526007
3423,1.2779312995990701,1.346964515749029
3424,1.3020956809735043,1.3724342450424591
3425,1.3020956809735043,1.3740854217691403
3426,1.3020956809735043,1.3671408925402622
3427,1.3020956809735043,1.3604464050986103
3428,1.312779944136564,1.371609461411373
3429,1.312779944136564,1.3991591960620096
3430,1.312779944136564,1.39766193423184
3431,1.312779944136564,1.3907788234897975
3432,1.325186074743851,1.4039220649044217
3433,1.3309523438929856,1.410030937194083
3434,1.3309523438929856,1.441058039223582
3435,1.3113086357031385,1.4197892659748403
3436,1.3113086357031385,1.4065720773145203
3437,1.3113086357031385,1.3799486700535895
3438,1.3113086357031385,1.3871091159402944
3439,1.334512903892275,1.4116547118873657
3440,1.334512903892275,1.444321332413611
3441,1.334512903892275,1.469681014054724
3442,1.336692501410039,1.4720813753257136
3443,1.2464172806442302,1.372662495514104
3444,1.2464172806442302,1.3582135008619654
3445,1.2464172806442302,1.3040578684019424
3446,1.2733369514794304,1.3322224398601372
3447,1.2733369514794304,1.3266490834179683
3448,1.2802105916148974,1.3338105094449657
3449,1.2802105916148974,1.3341686153992278
3450,1.2802105916148974,1.3295275059382807
3451,1.3026494806257043,1.3528307970826943
3452,1.3026494806257043,1.3478682533555664
3453,1.2439423237260188,1.2871231993661834
3454,1.2357507061420805,1.2786472267816655
3455,1.2357507061420805,1.3155279054704703
3456,1.2357507061420805,1.2987354353314433
3457,1.2357507061420805,1.3095736120269856
3458,1.2357507061420805,1.3410609667732967
3459,1.2642101364905203,1.3719457002290005
3460,1.2642101364905203,1.3563902257490668
3461,1.2619095557930375,1.3539218978330487
3462,1.2619095557930375,1.3677315800791041
3463,1.2619095557930375,1.3889823660166143
3464,1.2531954023717773,1.3793907075801368
3465,1.2531954023717773,1.3955640359902464
3466,1.2531954023717773,1.4329472269892882
3467,1.2531954023717773,1.4608674196779525
3468,1.3218346656899014,1.5408811695707214
3469,1.3660561022718074,1.5924307170966676
3470,1.3891280668522963,1.6193260291125036
3471,1.3664405714500272,1.592878898198568
3472,1.3977800168979866,1.629411728369386
3473,1.3977800168979866,1.6136523875563664
3474,1.3977800168979866,1.6229378154110645
3475,1.370969574182909,1.5918086814957189
3476,1.3985460462447215,1.623827238624661
3477,1.3985460462447215,1.6332199457059589
3478,1.380825900384436,1.6125263863215202
3479,1.380825900384436,1.5923143664173647
3480,1.3589532843267202,1.5670917219332658
3481,1.3589532843267202,1.5355005699579396
3482,1.369948729324543,1.5479244790472522
3483,1.369948729324543,1.5460317135943495
3484,1.404569728312606,1.5851026373786683
3485,1.404569728312606,1.5807036667073393
3486,1.3984443074932176,1.5738101142163818
3487,1.3984443074932176,1.6040429001445846
3488,1.4067684271456744,1.6135908277645352
3489,1.4413890400614324,1.6533013461231256
3490,1.461442443585391,1.6763029911468021
3491,1.461442443585391,1.6582713809560974
3492,1.4883918709823614,1.6888503917010655
3493,1.4883918709823614,1.6982459958220177
3494,1.4883918709823614,1.70796376694887
3495,1.4861206208056763,1.7053574553429798
3496,1.4861206208056763,1.6890093810612774
3497,1.5232362093943568,1.7311920790416786
3498,1.5476049030607797,1.7588876453574755
3499,1.519862064977204,1.7273572883161878
3500,1.519862064977204,1.7090193693114752
3501,1.5280224437947052,1.7181953634897613
3502,1.551390711274403,1.7444719728415803
3503,1.551390711274403,1.749281783661973
3504,1.546927387554068,1.744249130815834
3505,1.5621772069945064,1.7614441746931948
3506,1.5781709373694182,1.7794780207091039
3507,1.5781709373694182,1.7906617175937654
3508,1.5781709373694182,1.7748766181662625
3509,1.5918973489489046,1.7903139110392172
3510,1.569452763285281,1.765071797301401
3511,1.569452763285281,1.7460859111240314
3512,1.569452763285281,1.7367453140722657
3513,1.5769359752452823,1.7450261834362706
3514,1.5437181171085077,1.7082675368480178
3515,1.5389726690179815,1.7030162575950234
3516,1.5400677188663896,1.704228032002886
3517,1.5400677188663896,1.6975889294509565
3518,1.5400677188663896,1.6973885102407222
3519,1.4904408305067272,1.6426921426272938
3520,1.4904408305067272,1.6722662494889164
3521,1.5311530882839455,1.7179451742927867
3522,1.5311530882839455,1.703737019430889
3523,1.5311530882839455,1.6766074793311903
3524,1.5311530882839455,1.7200239726630886
3525,1.535414588197856,1.7248111373610633
3526,1.535414588197856,1.7395047690833023
3527,1.535414588197856,1.7420487309462007
3528,1.5425255364571147,1.750116661579454
3529,1.5425255364571147,1.7969870346496672
3530,1.5609712654717047,1.818475648679365
3531,1.5609712654717047,1.8726449354417578
3532,1.5769984289125627,1.8918721865199195
3533,1.6286416788446572,1.9538268634408078
3534,1.6286416788446572,1.955252089479973
3535,1.629235688112467,1.955965222317688
3536,1.629235688112467,2.213102494542153
3537,1.6453667616075551,2.235014437210793
3538,1.6453667616075551,2.3259099679063375
3539,1.6057306770735047,2.269879928733518
3540,1.6057306770735047,2.2438157174513864
3541,1.6105706653174743,2.250579019572444
3542,1.6843232941696635,2.353639458153282
3543,1.7387157942062552,2.429646442535005
3544,1.7474738430515742,2.4418847636519367
3545,1.7474738430515742,2.4878219106453066
3546,1.7646152271280067,2.512225543955014
3547,1.7467694345130822,2.4868190670244568
3548,1.7467694345130822,2.5101014455676682
3549,1.7510356359283263,2.5162319617811444
3550,1.7780548512832457,2.555058477851591
3551,1.7780548512832457,2.6071883458028133
3552,1.7780548512832457,2.6800963007294465
3553,1.7780548512832457,2.590976882042814
3554,1.8095396770271543,2.6368564878259195
3555,1.8095396770271543,2.583330270974325
3556,1.850745851362524,2.642156921123543
3557,1.850745851362524,2.6307768374196097
3558,1.8575449136212558,2.6404414899126993
3559,1.8575449136212558,2.6374456494510143
3560,1.8575449136212558,2.641441870841045
3561,1.852385216748646,2.6341047457679347
3562,1.852385216748646,2.6005200207908277
3563,1.852385216748646,2.574772200565409
3564,1.8796665127204555,2.612692564984482
3565,1.8741644275953702,2.6050447951269358
3566,1.8741644275953702,2.633391922453321
3567,1.8741644275953702,2.5437459256625465
3568,1.8954311555069718,2.572610603532204
3569,1.8909540035652868,2.566533902447419
3570,1.926547822641159,2.6148443019619316
3571,1.926547822641159,2.571517412291084
3572,1.926547822641159,2.544476345893783
3573,1.9252406894313585,2.5427499576390082
3574,1.9252406894313585,2.5569261102843104
3575,1.9252406894313585,2.6049408023284744
3576,1.9683114586758823,2.663217569908051
3577,1.9683114586758823,2.611113649721443
3578,1.9683114586758823,2.6292342866234453
3579,1.9835133813041044,2.6495407355955027
3580,1.9835133813041044,2.615263146428082
3581,1.9835133813041044,2.6129712651891093
3582,1.9439691408347277,2.5608778611192693
3583,1.9796024051799466,2.607819160682234
3584,1.9796024051799466,2.547425901929714
3585,1.9796024051799466,2.563366048799514
3586,1.9796024051799466,2.6172990583431375
3587,1.9963935742729133,2.6394992289129986
3588,1.9933406646871183,2.635462874257539
3589,2.0594146121628296,2.722821467102587
3590,2.0594146121628296,2.665249347570653
3591,2.0594146121628296,2.7566817041785123
3592,2.093193577470606,2.8018973956182434
3593,2.0525705565211343,2.7475204197735104
3594,2.0525705565211343,2.7307780017120815
3595,2.0525705565211343,2.6377218756699303
3596,2.0525705565211343,2.6377218756699303
3597,2.100048556269005,2.6987350077886463
3598,2.100048556269005,2.7304265156741594
3599,2.1656683197233697,2.8157435630125223
3600,2.1656683197233697,2.8196523620823553
3601,2.4250761299716626,3.1573956066262108
3602,2.372034945298492,3.088337154651231
3603,2.372034945298492,2.8883051182155306
3604,2.474459587911896,3.01302234469571
3605,2.474459587911896,2.900722539411792
3606,2.474459587911896,3.340241878443188
3607,2.4341611729617822,3.2858435549026366
3608,2.4341611729617822,3.188437806978508
3609,2.3095041921778483,3.025153208222184
3610,2.1584898877881344,2.8273439083043583
3611,2.1584898877881344,2.881860333676238
3612,2.3483102244379768,3.135294784220184
3613,2.3483102244379768,3.097821114891396
3614,2.3483102244379768,2.891781922963952
3615,2.3483102244379768,2.8952877048520937
3616,2.4727616159293766,3.0487267947504573
3617,2.4205001300900983,2.9842923619344193
3618,2.4534432276206526,3.0249086928805506
3619,2.287304591700515,2.820072404695673
3620,2.241550367147419,2.763660929578357
3621,2.241550367147419,2.6852213463155024
3622,2.1320909196501163,2.554096545693823
3623,2.1320909196501163,2.5597898419830645
3624,2.1293186392330807,2.556461440184974
3625,2.111694791834234,2.5353022367324165
3626,2.111694791834234,2.6750235459985316
3627,2.1014570759931703,2.662054753804703
3628,2.147422467421703,2.720282157143403
3629,2.147422467421703,2.8390595781885413
3630,2.281745308901877,3.016644825367061
3631,2.281745308901877,2.9018359645842575
3632,2.281745308901877,2.825977809394764
3633,2.311569512674016,2.8629155595082927
3634,2.190843250363915,2.7133941659642824
3635,2.190843250363915,2.7248269286906126
3636,2.190843250363915,2.686342835602591
3637,2.1568672763309436,2.6446825687574242
3638,2.0692982268960147,2.537308164618299
3639,2.0692982268960147,2.472781940297661
